61.533702 17.878724 -262.362392 17.878724 316.640463 21.972465 -262.362392 21.972465 44.175989
69.268725 25.531231 -249.530335 25.531231 301.932625 32.199301 -249.530335 32.199301 33.299105
46.260922 22.297053 -257.602443 22.297053 311.281609 25.505264 -257.602443 25.505264 57.985158
65.905176 16.951506 -265.828015 16.951506 320.563014 20.911412 -265.828015 20.911412 41.284406
55.216776 10.151807 -269.368859 10.151807 324.650421 12.574801 -269.368859 12.574801 52.315633
78.134482 23.839605 -265.459484 23.839605 320.744349 28.957983 -265.459484 28.957983 30.642828
65.593588 25.201894 -256.432329 25.201894 309.351531 30.643242 -256.432329 30.643242 39.545217
63.128741 15.365528 -256.412623 15.365528 310.222083 20.447292 -256.412623 20.447292 39.711563
92.232257 29.948784 -259.233570 29.948784 314.747224 38.289655 -259.233570 38.289655 16.844216
30.972148 7.703597 -257.305713 7.703597 312.314319 10.728322 -257.305713 10.728322 71.306893
52.086925 16.632385 -260.811955 16.632385 314.807776 20.190415 -260.811955 20.190415 52.629896
87.319706 22.525605 -253.506015 22.525605 308.364474 30.303573 -253.506015 30.303573 17.191269
58.918735 16.368943 -250.631931 16.368943 303.798687 21.844304 -250.631931 21.844304 41.448133
47.032467 11.207515 -264.198587 11.207515 318.816209 14.384200 -264.198587 14.384200 58.448729
52.994682 17.321922 -258.224787 17.321922 311.728425 21.216304 -258.224787 21.216304 50.816697
76.726538 20.468126 -263.008939 20.468126 317.699013 25.598925 -263.008939 25.598925 30.475989
75.386753 21.413546 -254.158883 21.413546 308.037653 27.801388 -254.158883 27.801388 28.245875
67.863298 25.508276 -259.776543 25.508276 313.135377 30.956095 -259.776543 30.956095 38.830380
65.355055 17.006393 -250.706291 17.006393 304.003126 22.830366 -250.706291 22.830366 35.405170
82.392124 12.407857 -265.788781 12.407857 322.047868 16.747358 -265.788781 16.747358 24.742480
68.827222 11.912937 -257.619001 11.912937 311.743730 17.016774 -257.619001 17.016774 34.331506
54.783576 25.481172 -253.028100 25.481172 305.347026 30.301919 -253.028100 30.301919 48.671061
63.280990 14.864798 -267.726596 14.864798 322.714426 18.575112 -267.726596 18.575112 44.310669
57.584406 10.399218 -260.528387 10.399218 314.992134 14.420574 -260.528387 14.420574 46.118581
63.637105 19.302811 -257.296788 19.302811 311.203578 24.233757 -257.296788 24.233757 40.181717
65.108612 15.269585 -262.237968 15.269585 316.797259 19.525148 -262.237968 19.525148 40.194061
76.036905 27.272055 -267.111828 27.272055 321.739184 31.918837 -267.111828 31.918837 34.298583
72.783355 26.289744 -258.114005 26.289744 311.689933 32.679511 -258.114005 32.679511 33.610272
57.590858 20.675106 -251.816864 20.675106 304.153118 25.739609 -251.816864 25.739609 44.390613
65.796147 17.826714 -265.361281 17.826714 319.812688 21.572320 -265.361281 21.572320 41.409191
75.015325 17.139730 -263.488172 17.139730 318.749064 21.921837 -263.488172 21.921837 31.457294
61.779179 21.908819 -265.462629 21.908819 319.857873 25.728139 -265.462629 25.728139 46.014221
69.358136 15.934851 -265.539576 15.934851 320.616750 20.072060 -265.539576 20.072060 37.579711
49.084072 8.448004 -263.908604 8.448004 318.586316 11.256960 -263.908604 11.256960 55.930055
53.817911 26.473989 -263.183531 26.473989 316.486945 30.001928 -263.183531 30.001928 54.152877
51.797502 12.350871 -260.232385 12.350871 313.929355 16.459540 -260.232385 16.459540 52.283011
81.248803 19.331622 -265.299571 19.331622 321.078786 24.444232 -265.299571 24.444232 26.724066
42.478501 20.098890 -265.735176 20.098890 320.637217 22.087766 -265.735176 22.087766 64.844802
62.689675 13.983330 -255.394972 13.983330 309.111102 19.050808 -255.394972 19.050808 39.503407
59.124328 5.872525 -263.252391 5.872525 318.386114 9.380026 -263.252391 9.380026 45.261905
50.172496 9.056814 -264.419783 9.056814 319.535159 11.972115 -264.419783 11.972115 54.918275
62.985637 15.087902 -264.538807 15.087902 318.891784 19.218160 -264.538807 19.218160 43.413420
89.641621 20.630412 -256.801879 20.630412 313.024195 28.091028 -256.801879 28.091028 15.632013
52.293343 8.886701 -261.821372 8.886701 316.120230 12.408870 -261.821372 12.408870 51.913935
48.390550 4.621781 -266.709262 4.621781 321.557576 7.577768 -266.709262 7.577768 57.729626
62.247007 19.110685 -254.190753 19.110685 307.365842 24.201874 -254.190753 24.201874 40.358345
65.672160 12.639690 -257.140699 12.639690 311.209519 17.433285 -257.140699 17.433285 37.158261
82.289281 14.512595 -254.422239 14.512595 309.841216 20.895685 -254.422239 20.895685 20.350318
31.722094 8.127857 -264.177857 8.127857 319.806156 10.349210 -264.177857 10.349210 73.713661
62.850150 20.163194 -270.243613 20.163194 325.057218 22.999615 -270.243613 22.999615 46.711454
64.531139 6.763326 -257.694765 6.763326 311.935124 11.451447 -257.694765 11.451447 37.885396
71.057715 22.504853 -267.210036 22.504853 321.865185 26.464666 -267.210036 26.464666 37.978807
66.935858 11.111742 -263.352277 11.111742 318.733901 15.385249 -263.352277 15.385249 38.126538
69.909645 6.283080 -257.415729 6.283080 312.252265 10.747460 -257.415729 10.747460 32.367088
91.003417 22.696093 -261.894916 22.696093 318.618197 29.344601 -261.894916 29.344601 16.789537
73.940920 15.619806 -260.061716 15.619806 315.070535 20.811908 -260.061716 20.811908 30.773906
57.702944 23.247161 -263.761767 23.247161 317.835560 26.825912 -263.761767 26.825912 49.551972
69.354502 18.589613 -253.184696 18.589613 307.116511 24.554908 -253.184696 24.554908 32.792599
57.925193 14.876988 -262.709995 14.876988 317.518574 18.324797 -262.709995 18.324797 47.139486
55.679284 22.210086 -259.692595 22.210086 313.496364 26.265129 -259.692595 26.265129 49.551688
90.588531 22.689593 -257.789181 22.689593 314.040724 30.044818 -257.789181 30.044818 15.601688
60.978347 19.081845 -261.426186 19.081845 315.492616 23.243409 -261.426186 23.243409 44.553793
25.788773 16.872377 -264.080605 16.872377 320.070610 18.255573 -264.080605 18.255573 80.848777
71.574306 13.052310 -267.629414 13.052310 323.035187 16.459187 -267.629414 16.459187 35.950923
66.143938 25.041584 -252.064848 25.041584 304.285777 31.493169 -252.064848 31.493169 37.378802
65.788549 8.452270 -261.308740 8.452270 315.962825 12.591321 -261.308740 12.591321 38.339562
64.340145 8.047493 -261.725900 8.047493 316.871569 12.466307 -261.725900 12.466307 39.663267
59.560716 12.081144 -258.953597 12.081144 313.366249 16.542789 -258.953597 16.542789 43.642316
71.941940 28.160220 -263.362420 28.160220 317.218332 33.374907 -263.362420 33.374907 36.989172
48.540833 4.945605 -265.258759 4.945605 320.174012 8.064908 -265.258759 8.064908 56.833890
84.216633 13.428864 -256.904065 13.428864 312.835696 19.549205 -256.904065 19.549205 19.390633
66.510389 29.259968 -260.603485 29.259968 313.910098 34.459491 -260.603485 34.459491 41.340102
36.605470 8.496901 -266.962770 8.496901 322.524299 10.789052 -266.962770 10.789052 69.969073
72.790061 10.832568 -257.463863 10.832568 312.156422 16.321468 -257.463863 16.321468 30.216867
60.614230 15.725040 -259.593156 15.725040 313.201116 19.956616 -259.593156 19.956616 43.754959
73.643260 9.011659 -264.598531 9.011659 320.433159 12.759444 -264.598531 12.759444 32.016699
54.481542 31.145820 -262.705734 31.145820 315.538986 34.758415 -262.705734 34.758415 54.584138
51.821166 12.399447 -263.734262 12.399447 318.234326 15.342586 -263.734262 15.342586 53.534599
56.398261 22.095199 -260.410622 22.095199 313.628358 26.278147 -260.410622 26.278147 49.476362
38.887653 20.255471 -262.227548 20.255471 316.166336 22.520528 -262.227548 22.520528 67.385407
59.217282 26.083517 -257.421407 26.083517 310.421300 30.905814 -257.421407 30.905814 46.235900
26.910327 6.459070 -258.716805 6.459070 314.444050 9.502979 -258.716805 9.502979 76.004137
70.252301 12.537776 -265.255396 12.537776 320.613825 16.008076 -265.255396 16.008076 36.024659
63.849214 17.710163 -262.618664 17.710163 317.092060 22.077686 -262.618664 22.077686 41.970626
66.262189 28.099829 -261.446759 28.099829 315.031313 32.567629 -261.446759 32.567629 41.481242
55.727121 21.084628 -263.095160 21.084628 316.813681 24.857590 -263.095160 24.857590 50.984572
67.737372 24.447546 -250.231955 24.447546 303.164224 30.922991 -250.231955 30.922991 34.543183
56.100690 20.279851 -266.872922 20.279851 321.513302 23.201326 -266.872922 23.201326 51.797933
43.888964 18.561531 -262.246203 18.561531 316.245737 21.505722 -262.246203 21.505722 61.922801
64.477860 28.091992 -256.136874 28.091992 308.715670 33.206015 -256.136874 33.206015 41.236178
83.547490 27.895700 -257.973450 27.895700 312.508290 35.029208 -257.973450 35.029208 23.741853
46.816022 27.243004 -263.646788 27.243004 317.259727 29.583355 -263.646788 29.583355 61.355776
57.509006 32.081558 -265.424541 32.081558 318.609565 35.716297 -265.424541 35.716297 52.946182
43.886694 28.788889 -261.242828 28.788889 315.051796 31.307432 -261.242828 31.307432 63.456349
62.759377 14.287314 -263.962185 14.287314 318.676044 18.174611 -263.962185 18.174611 43.058412
65.347779 10.727657 -265.375756 10.727657 320.544209 14.665203 -265.375756 14.665203 40.664095
36.848059 14.411532 -261.648731 14.411532 316.330933 17.372789 -261.648731 17.372789 68.070940
54.659515 28.071991 -263.331261 28.071991 316.838091 31.670579 -263.331261 31.670579 53.639896
84.610490 14.592311 -258.927221 14.592311 314.605104 20.787529 -258.927221 20.787529 20.240064
73.809849 15.094605 -267.960079 15.094605 323.578738 19.030831 -267.960079 19.030831 34.187935
46.479605 25.700942 -260.009674 25.700942 313.376515 28.996595 -260.009674 28.996595 59.800962
32.025683 75.834493 -45.021986 75.834493 110.252634 -73.567676 -45.021986 -73.567676 29.157436
23.961224 87.884909 -27.355907 87.884909 103.839345 -76.685633 -27.355907 -76.685633 47.666427
18.810728 91.362009 -49.961823 91.362009 108.928647 -57.194542 -49.961823 -57.194542 48.738401
39.007745 68.643796 -41.515942 68.643796 116.069253 -80.791202 -41.515942 -80.791202 18.123148
32.670442 78.267642 -39.116631 78.267642 111.778186 -74.576117 -39.116631 -74.576117 27.737660
41.675410 72.574021 -47.971837 72.574021 116.106741 -71.031203 -47.971837 -71.031203 14.148557
32.280292 87.831377 -21.961368 87.831377 96.447675 -83.170062 -21.961368 -83.170062 47.822868
31.133396 79.592309 -39.247561 79.592309 111.814355 -72.800719 -39.247561 -72.800719 29.023987
37.012621 67.042010 -59.973705 67.042010 122.427049 -66.694885 -59.973705 -66.694885 14.605253
34.575112 76.910620 -33.627348 76.910620 109.455128 -79.869596 -33.627348 -79.869596 28.282719
44.562179 72.293085 -40.645022 72.293085 108.438906 -79.488160 -40.645022 -79.488160 18.587493
24.263661 81.914116 -46.557200 81.914116 105.976147 -68.480710 -46.557200 -68.480710 41.810997
42.440680 68.019587 -40.094348 68.019587 111.087423 -84.089839 -40.094348 -84.089839 19.423934
20.180216 77.948672 -48.722475 77.948672 110.971138 -68.526870 -48.722475 -68.526870 40.859022
42.683102 83.248435 -31.850118 83.248435 99.507011 -79.289970 -31.850118 -79.289970 30.770355
36.155063 76.192326 -44.358391 76.192326 112.383355 -70.553577 -44.358391 -70.553577 21.842529
46.958678 88.399411 -13.434252 88.399411 100.652653 -87.963276 -13.434252 -87.963276 33.085665
37.450036 76.486279 -39.424140 76.486279 110.802026 -75.170888 -39.424140 -75.170888 22.985297
32.825796 71.505615 -50.956967 71.505615 112.271579 -72.993101 -50.956967 -72.993101 26.433692
26.285586 67.563133 -65.428281 67.563133 120.030411 -66.420711 -65.428281 -66.420711 29.453326
51.654993 71.530100 -29.290334 71.530100 104.659772 -92.049352 -29.290334 -92.049352 20.387738
54.629738 62.646289 -45.466167 62.646289 109.011157 -86.199341 -45.466167 -86.199341 10.773494
23.004825 87.169585 -41.683216 87.169585 103.677550 -69.171305 -41.683216 -69.171305 47.653850
29.503458 67.419322 -61.080654 67.419322 117.909605 -66.654321 -61.080654 -66.654321 24.911661
67.251772 60.250029 -44.320473 60.250029 103.881575 -94.321638 -44.320473 -94.321638 8.499211
51.002534 66.916139 -46.233272 66.916139 110.489967 -82.532437 -46.233272 -82.532437 12.926343
30.733411 86.051842 -36.584674 86.051842 102.505920 -73.079443 -36.584674 -73.079443 39.882978
7.487068 85.683591 -50.617601 85.683591 119.282032 -56.866390 -50.617601 -56.866390 50.244462
19.854116 86.040181 -45.502194 86.040181 106.537452 -64.336356 -45.502194 -64.336356 46.580836
48.613237 76.713662 -36.363833 76.713662 100.886553 -81.198531 -36.363833 -81.198531 22.431595
41.449238 71.732951 -37.969646 71.732951 109.799965 -81.396112 -37.969646 -81.396112 20.639412
46.503814 71.128128 -39.755927 71.128128 108.997317 -80.076578 -39.755927 -80.076578 15.910482
17.975426 81.538509 -54.889527 81.538509 116.681109 -59.418101 -54.889527 -59.418101 39.942919
33.728256 81.883903 -41.292106 81.883903 108.527614 -70.325939 -41.292106 -70.325939 29.342665
12.977784 78.056718 -67.056988 78.056718 129.578406 -50.403780 -67.056988 -50.403780 37.612999
25.668799 80.541694 -39.106209 80.541694 111.226505 -70.815661 -39.106209 -70.815661 34.227092
47.031935 66.914234 -46.154866 66.914234 119.614885 -77.217664 -46.154866 -77.217664 7.536426
40.288375 72.765117 -44.589838 72.765117 111.180760 -76.101433 -44.589838 -76.101433 20.245381
25.501598 74.486772 -56.748688 74.486772 116.628892 -63.331238 -56.748688 -63.331238 29.932165
27.462240 85.403718 -35.978434 85.403718 107.801533 -70.056735 -35.978434 -70.056735 36.834517
17.082767 81.316869 -48.468401 81.316869 110.846213 -64.263490 -48.468401 -64.263490 44.138026
22.555009 69.081319 -48.665734 69.081319 119.712196 -72.253148 -48.665734 -72.253148 29.171436
31.441543 80.665279 -36.956888 80.665279 105.763960 -76.770401 -36.956888 -76.770401 35.389168
44.704228 58.573179 -65.268603 58.573179 124.843102 -71.589356 -65.268603 -71.589356 7.863948
44.196789 75.628768 -40.376863 75.628768 107.295550 -78.843862 -40.376863 -78.843862 21.296426
35.233974 63.684916 -70.049150 63.684916 122.742906 -66.338098 -70.049150 -66.338098 19.732630
48.725555 65.280287 -36.871088 65.280287 113.058392 -88.220164 -36.871088 -88.220164 13.280359
21.945676 70.391784 -55.317343 70.391784 122.438562 -66.379529 -55.317343 -66.379529 28.572294
29.541220 75.984888 -53.221022 75.984888 112.062083 -67.379945 -53.221022 -67.379945 30.321554
25.892673 90.404830 -37.041219 90.404830 102.482722 -69.035769 -37.041219 -69.035769 46.262786
7.596884 90.033782 -53.302640 90.033782 112.513186 -55.847135 -53.302640 -55.847135 59.586136
29.732729 81.075334 -40.711357 81.075334 105.462287 -72.381282 -40.711357 -72.381282 35.858411
17.456914 87.222527 -51.693203 87.222527 108.425735 -60.382679 -51.693203 -60.382679 49.681173
22.445031 82.439522 -36.736745 82.439522 106.870362 -74.554735 -36.736745 -74.554735 43.915173
16.659769 68.949817 -65.251816 68.949817 121.898761 -64.044469 -65.251816 -64.044469 37.866270
35.006650 71.410858 -57.313267 71.410858 116.737234 -67.949454 -57.313267 -67.949454 21.614685
37.860745 67.949079 -62.729754 67.949079 121.753034 -65.456086 -62.729754 -65.456086 15.514505
36.395113 92.484877 -18.798568 92.484877 99.970151 -80.978426 -18.798568 -80.978426 42.656037
47.125178 78.019685 -36.941986 78.019685 99.815169 -81.893098 -36.941986 -81.893098 26.123628
26.740600 69.714286 -50.321373 69.714286 112.281901 -74.843789 -50.321373 -74.843789 32.288270
48.411320 64.953705 -47.207458 64.953705 107.405639 -85.823010 -47.207458 -85.823010 18.651002
16.360386 86.238947 -42.793042 86.238947 109.978839 -64.598349 -42.793042 -64.598349 47.367749
18.135679 76.147164 -47.125750 76.147164 117.963869 -68.156649 -47.125750 -68.156649 36.359705
35.184741 70.839387 -53.844389 70.839387 113.833003 -70.405840 -53.844389 -70.405840 22.501861
15.806132 81.470453 -56.839568 81.470453 115.162059 -59.826634 -56.839568 -59.826634 44.632588
30.400471 58.348711 -66.806516 58.348711 121.686637 -72.500154 -66.806516 -72.500154 23.820175
24.715548 82.137742 -37.438005 82.137742 108.644212 -72.097041 -37.438005 -72.097041 38.442800
26.454127 87.018289 -30.120806 87.018289 106.398668 -74.296498 -30.120806 -74.296498 41.356449
26.920057 79.882451 -39.992651 79.882451 112.713188 -71.995897 -39.992651 -71.995897 32.676791
23.577673 75.245571 -47.624685 75.245571 115.166427 -70.958817 -47.624685 -70.958817 33.692362
49.882577 75.455296 -42.294529 75.455296 106.799066 -76.995443 -42.294529 -76.995443 15.933409
38.562554 73.742333 -37.212857 73.742333 103.522919 -84.115440 -37.212857 -84.115440 30.440005
28.673687 80.010192 -48.757164 80.010192 114.310804 -65.337037 -48.757164 -65.337037 29.373686
30.717583 74.489390 -48.536184 74.489390 113.500047 -71.413784 -48.536184 -71.413784 27.610841
28.038647 77.356190 -49.352604 77.356190 107.429300 -71.468673 -49.352604 -71.468673 36.628742
23.259068 71.638325 -62.852884 71.638325 113.760404 -64.378369 -62.852884 -64.378369 36.175781
27.785384 71.635253 -70.163944 71.635253 127.881335 -54.585483 -70.163944 -54.585483 22.619310
24.717152 77.391462 -36.780842 77.391462 109.221287 -76.961082 -36.780842 -76.961082 37.661950
26.262430 77.173190 -42.195702 77.173190 108.900229 -72.262150 -42.195702 -72.262150 34.689289
39.150378 75.943287 -33.143048 75.943287 106.110458 -83.405132 -33.143048 -83.405132 27.867135
20.884265 74.907638 -57.390516 74.907638 121.172164 -61.211384 -57.390516 -61.211384 31.492499
18.996940 78.963648 -44.938008 78.963648 112.470669 -70.747701 -44.938008 -70.747701 41.794466
42.591288 73.578554 -35.135384 73.578554 108.851528 -81.165296 -35.135384 -81.165296 20.278058
23.988332 95.083181 -32.529110 95.083181 99.696554 -68.296350 -32.529110 -68.296350 52.806231
27.569355 75.559272 -57.077359 75.559272 111.307417 -64.777426 -57.077359 -64.777426 32.864645
48.809919 64.612716 -48.112200 64.612716 112.238772 -82.525228 -48.112200 -82.525228 13.212382
19.512286 66.680300 -56.700891 66.680300 120.466654 -69.660872 -56.700891 -69.660872 32.676170
38.235113 82.177794 -33.200719 82.177794 106.434464 -75.245434 -33.200719 -75.245434 27.076688
50.236019 61.963513 -47.653883 61.963513 119.255926 -81.485043 -47.653883 -81.485043 5.863014
20.748002 75.778796 -52.635924 75.778796 113.619802 -66.613011 -52.635924 -66.613011 37.578491
41.701663 61.387559 -59.502249 61.387559 114.738786 -77.439389 -59.502249 -77.439389 17.998004
32.094391 80.759459 -27.839133 80.759459 106.083762 -80.105494 -27.839133 -80.105494 34.260117
52.448544 61.438813 -44.160571 61.438813 114.406227 -87.854435 -44.160571 -87.854435 9.612813
50.399256 79.697503 -34.556410 79.697503 99.638595 -81.287311 -34.556410 -81.287311 23.310437
33.334845 82.492894 -42.030853 82.492894 105.435997 -71.256605 -42.030853 -71.256605 33.112271
15.257350 75.334630 -59.586697 75.334630 122.736661 -60.688298 -59.586697 -60.688298 37.926153
40.029681 75.009262 -47.815814 75.009262 110.202346 -72.152352 -47.815814 -72.152352 21.255905
30.972663 87.811622 -22.154591 87.811622 106.880406 -78.267013 -22.154591 -78.267013 37.903514
40.444866 66.664819 -49.181213 66.664819 113.201167 -77.506953 -49.181213 -77.506953 18.009588
20.105012 75.879635 -53.351650 75.879635 110.351736 -68.453682 -53.351650 -68.453682 42.080548
24.780362 87.179325 -25.273341 87.179325 107.402531 -77.005563 -25.273341 -77.005563 43.350097
41.282408 -4.246910 -13.971667 -4.246910 38.431005 -19.963324 -13.971667 -19.963324 -20.480762
33.663025 -8.787919 -6.687053 -8.787919 42.353416 -23.402542 -6.687053 -23.402542 -18.193711
49.601216 -4.544380 -14.780865 -4.544380 38.131268 -30.872871 -14.780865 -30.872871 -18.278082
40.506691 -3.325835 -16.074084 -3.325835 35.545187 -31.123949 -16.074084 -31.123949 -12.583255
34.011287 -5.811973 -10.030127 -5.811973 47.526616 -13.787415 -10.030127 -13.787415 -23.571644
31.960268 -6.505429 -3.186684 -6.505429 48.392410 -22.204471 -3.186684 -22.204471 -20.748949
50.208429 -1.909358 -15.050708 -1.909358 36.779680 -20.496890 -15.050708 -20.496890 -22.669920
54.612229 0.207771 -1.983724 0.207771 36.296895 -35.922443 -1.983724 -35.922443 -18.407800
39.194038 -7.177887 -27.864143 -7.177887 34.837712 -19.978177 -27.864143 -19.978177 -11.707011
54.224331 -4.757775 -6.582898 -4.757775 30.557496 -33.347090 -6.582898 -33.347090 -16.085948
42.881371 -7.892160 -16.850386 -7.892160 29.335397 -25.246300 -16.850386 -25.246300 -12.926077
34.982363 -4.308201 -13.232252 -4.308201 34.589199 -16.681634 -13.232252 -16.681634 -17.825436
42.363539 -3.483333 -14.071373 -3.483333 37.750736 -10.211893 -14.071373 -10.211893 -23.530787
25.375813 -6.853556 -17.826010 -6.853556 42.549058 -18.208776 -17.826010 -18.208776 -13.747161
34.145377 -11.892069 -24.096526 -11.892069 56.597315 -17.934197 -24.096526 -17.934197 -20.105181
38.381066 -7.587482 -26.673462 -7.587482 38.233739 -15.536703 -26.673462 -15.536703 -15.196814
48.916669 -2.004950 -20.145448 -2.004950 46.526489 -19.006045 -20.145448 -19.006045 -25.403773
30.590000 -10.443233 -14.326835 -10.443233 41.764758 -24.085649 -14.326835 -24.085649 -14.092009
41.919799 -7.000066 -26.117642 -7.000066 46.106514 -10.495629 -26.117642 -10.495629 -21.754572
43.709145 -4.788920 -16.359174 -4.788920 22.603416 -36.746140 -16.359174 -36.746140 -1.889835
44.200431 -0.857669 4.423617 -0.857669 39.907486 -29.183914 4.423617 -29.183914 -19.818428
51.302957 -0.162774 -18.963261 -0.162774 56.789976 -5.271629 -18.963261 -5.271629 -33.119708
48.906594 -9.619001 -35.236334 -9.619001 29.547175 -30.528525 -35.236334 -30.528525 -3.103660
51.549061 -0.802868 -22.956046 -0.802868 30.378405 -16.352884 -22.956046 -16.352884 -18.590820
35.826158 -8.231917 -24.108470 -8.231917 52.457716 -21.300916 -24.108470 -21.300916 -18.993882
40.452183 -2.461713 -19.451036 -2.461713 37.278576 -13.720257 -19.451036 -13.720257 -20.056797
42.741680 -4.902166 -17.339566 -4.902166 44.275960 -19.159169 -17.339566 -19.159169 -22.709045
40.554162 -0.550823 -15.753741 -0.550823 52.519691 -6.618348 -15.753741 -6.618348 -28.217366
47.831425 4.023000 0.825308 4.023000 41.874295 -21.310925 0.825308 -21.310925 -25.652393
34.118423 -9.818922 -20.258896 -9.818922 40.964228 -19.434657 -20.258896 -19.434657 -15.653557
33.281534 -6.390691 -24.366719 -6.390691 54.213248 -14.666980 -24.366719 -14.666980 -20.522335
49.307642 -4.628030 -17.609340 -4.628030 36.290429 -24.534264 -17.609340 -24.534264 -19.554129
45.209791 -3.948460 -4.205950 -3.948460 28.958616 -36.260726 -4.205950 -36.260726 -9.913030
53.979881 -0.108588 -7.901601 -0.108588 32.908278 -20.705425 -7.901601 -20.705425 -23.470519
50.582755 -3.910310 2.790081 -3.910310 43.293695 -27.946669 2.790081 -27.946669 -24.402466
55.102289 -2.059866 -5.107475 -2.059866 27.418306 -26.665761 -5.107475 -26.665761 -18.605932
42.970786 -0.540654 -10.412813 -0.540654 40.366270 -19.481128 -10.412813 -19.481128 -23.115061
45.794106 -5.952611 -10.606458 -5.952611 41.300820 -16.466915 -10.606458 -16.466915 -25.161576
42.637441 -11.634945 -26.285063 -11.634945 54.598322 -24.541168 -26.285063 -24.541168 -20.580359
34.302772 -1.440423 -4.775038 -1.440423 51.756738 -10.013787 -4.775038 -10.013787 -26.821193
32.517396 -6.427389 -9.072596 -6.427389 55.070163 -11.092944 -9.072596 -11.092944 -25.801099
45.293612 -10.694861 -25.021186 -10.694861 39.891818 -25.064458 -25.021186 -25.064458 -15.754468
40.270860 -2.354368 -13.697421 -2.354368 42.801257 -16.838637 -13.697421 -16.838637 -23.122246
47.010865 -0.724244 -3.698857 -0.724244 26.107165 -17.541672 -3.698857 -17.541672 -19.700080
34.013675 -4.024848 -15.340333 -4.024848 34.539506 -16.955219 -15.340333 -16.955219 -16.644480
44.065556 -10.914496 -23.408645 -10.914496 29.213705 -26.709231 -23.408645 -26.709231 -9.226499
46.392310 -2.948118 -1.761377 -2.948118 47.435638 -20.996706 -1.761377 -20.996706 -27.437762
35.201021 -11.557730 -21.595840 -11.557730 33.516757 -28.384221 -21.595840 -28.384221 -7.080323
26.530288 -5.258186 -12.860689 -5.258186 39.648424 -16.738881 -12.860689 -16.738881 -15.904669
46.884489 -7.990462 -22.173354 -7.990462 49.961195 -16.788400 -22.173354 -16.788400 -25.418282
40.201383 -4.796956 -24.996646 -4.796956 43.532210 -18.641631 -24.996646 -18.641631 -18.532550
39.500880 -0.738245 -14.438315 -0.738245 42.558376 -12.596235 -14.438315 -12.596235 -23.769294
37.086396 -8.086367 -3.030732 -8.086367 50.764996 -20.526667 -3.030732 -20.526667 -24.382874
26.249327 -11.605762 -17.341320 -11.605762 45.763473 -24.239056 -17.341320 -24.239056 -11.888383
47.484801 1.627586 -18.878295 1.627586 31.373109 -13.609603 -18.878295 -13.609603 -20.177160
53.801952 2.354254 -6.407911 2.354254 50.395725 3.550372 -6.407911 3.550372 -34.256027
40.934901 0.997688 -13.730414 0.997688 23.349101 -22.121882 -13.730414 -22.121882 -12.215157
42.859281 -1.375094 -13.208991 -1.375094 37.264285 -8.131288 -13.208991 -8.131288 -24.220179
49.674160 1.590434 -9.650003 1.590434 33.209510 -20.305322 -9.650003 -20.305322 -22.125692
48.593256 -7.209219 -18.568467 -7.209219 27.570224 -28.944302 -18.568467 -28.944302 -11.632682
51.451834 -3.185364 -10.357975 -3.185364 37.434578 -20.280156 -10.357975 -20.280156 -24.472961
61.995346 1.983145 -17.424549 1.983145 30.893900 -20.053633 -17.424549 -20.053633 -22.873863
41.044114 -5.957570 -30.076223 -5.957570 42.609436 -18.113381 -30.076223 -18.113381 -16.003957
48.932537 -2.236500 -17.733195 -2.236500 53.270301 -8.529123 -17.733195 -8.529123 -30.974747
40.053047 -5.161793 -18.908994 -5.161793 46.208831 -19.484242 -18.908994 -19.484242 -21.669552
42.578182 -9.881391 -27.398386 -9.881391 25.790214 -23.907995 -27.398386 -23.907995 -5.970849
38.309075 -7.436566 -18.012937 -7.436566 26.990220 -22.321398 -18.012937 -22.321398 -10.889036
51.657284 -1.232465 12.017978 -1.232465 42.928938 -35.079866 12.017978 -35.079866 -19.938011
45.595206 -7.752020 -9.575041 -7.752020 30.892230 -40.835470 -9.575041 -40.835470 -6.602018
45.772248 -5.831993 -19.478789 -5.831993 41.716127 -18.876793 -19.478789 -18.876793 -22.170195
57.404739 0.344159 7.929320 0.344159 43.349687 -33.737993 7.929320 -33.737993 -23.797295
47.496137 -2.642551 -11.047673 -2.642551 36.835748 -29.249061 -11.047673 -29.249061 -18.660279
42.325376 -6.053218 -14.387648 -6.053218 38.648728 -29.732301 -14.387648 -29.732301 -16.039277
53.381409 2.617053 3.765715 2.617053 43.052105 -19.297648 3.765715 -19.297648 -28.678080
38.190779 -2.190466 -15.929728 -2.190466 40.478926 -10.101198 -15.929728 -10.101198 -22.568531
39.691341 -8.230988 -11.678822 -8.230988 29.397311 -28.654565 -11.678822 -28.654565 -11.157361
32.009319 -2.283524 -21.888841 -2.283524 47.641395 -11.052878 -21.888841 -11.052878 -19.927634
49.523976 -8.751210 -19.985420 -8.751210 36.562257 -29.487786 -19.985420 -29.487786 -16.078443
41.962866 -1.472319 -22.076052 -1.472319 32.680368 -5.972494 -22.076052 -5.972494 -19.088821
47.340414 -5.461954 -12.350460 -5.461954 30.192693 -36.832007 -12.350460 -36.832007 -9.710191
41.192727 -7.072226 -29.154465 -7.072226 47.910505 -17.697540 -29.154465 -17.697540 -18.903498
43.744133 -5.619578 -22.158769 -5.619578 29.276010 -18.466566 -22.158769 -18.466566 -14.503903
52.101214 -0.670236 1.812102 -0.670236 51.364497 -12.562332 1.812102 -12.562332 -33.240707
50.674235 0.535653 -3.245453 0.535653 54.658197 -5.277139 -3.245453 -5.277139 -34.787139
32.292467 -8.740141 -30.178189 -8.740141 49.030132 -13.677648 -30.178189 -13.677648 -15.132125
34.606851 -6.195826 -26.458829 -6.195826 42.017220 -13.322951 -26.458829 -13.322951 -16.012624
36.981063 -1.901170 -15.047747 -1.901170 32.418607 -10.710025 -15.047747 -10.710025 -19.133683
31.051942 -6.593319 -1.458366 -6.593319 48.438345 -23.985584 -1.458366 -23.985584 -19.577655
45.706707 -0.690841 -12.975839 -0.690841 54.506042 -7.774772 -12.975839 -7.774772 -31.425105
60.979967 3.587768 -8.950719 3.587768 23.135875 -26.131829 -8.950719 -26.131829 -17.454181
46.965657 -8.257360 -24.444098 -8.257360 25.188925 -25.168240 -24.444098 -25.168240 -8.815680
47.971317 -5.493088 -4.448185 -5.493088 38.514200 -22.176145 -4.448185 -22.176145 -23.656900
37.766710 -3.404379 -3.409819 -3.404379 41.466817 -17.482975 -3.409819 -17.482975 -23.077137
23.989615 -12.595110 -20.701659 -12.595110 44.889670 -18.778276 -20.701659 -18.778276 -11.083052
35.023530 -12.561559 -15.440458 -12.561559 46.817105 -26.237133 -15.440458 -26.237133 -16.549414
52.650633 -1.377313 -12.000492 -1.377313 44.098582 -26.959561 -12.000492 -26.959561 -24.964433
41.882390 -8.406953 -12.501165 -8.406953 27.654737 -33.657758 -12.501165 -33.657758 -7.484169
41.037135 -13.388717 -21.151238 -13.388717 30.212434 -27.695323 -21.151238 -27.695323 -8.276738
34.144186 -14.475731 -16.356983 -14.475731 38.524753 -28.633482 -16.356983 -28.633482 -10.292563
46.006121 -5.722940 -23.314818 -5.722940 34.063366 -29.234861 -23.314818 -29.234861 -12.417490
41.698959 -5.815572 -15.509347 -5.815572 43.722206 -17.850950 -15.509347 -17.850950 -22.963632
-13.484348 -4.478218 -85.790018 -4.478218 88.406735 58.795004 -85.790018 58.795004 91.357731
5.805273 1.806755 -83.380870 1.806755 75.053633 66.500024 -83.380870 66.500024 77.311536
-5.432931 -2.383228 -83.801060 -2.383228 91.354142 69.399837 -83.801060 69.399837 82.056270
7.877303 11.080212 -90.699669 11.080212 80.666302 66.227596 -90.699669 66.227596 77.952424
0.339530 4.950073 -87.767343 4.950073 71.844772 48.388032 -87.767343 48.388032 79.437561
-13.870957 -13.020732 -70.508216 -13.020732 72.145710 55.050742 -70.508216 55.050742 88.285181
-28.821256 -2.389083 -99.801723 -2.389083 127.989309 60.734525 -99.801723 60.734525 99.936998
-17.348806 -6.625835 -93.678103 -6.625835 116.366506 61.221244 -93.678103 61.221244 83.931163
-25.184406 -20.572377 -83.105296 -20.572377 102.122490 53.928478 -83.105296 53.928478 94.701206
-25.329600 -9.844243 -58.828137 -9.844243 62.356027 52.958624 -58.828137 52.958624 107.991786
-11.003005 -9.737619 -80.674333 -9.737619 73.946248 47.028066 -80.674333 47.028066 86.469391
-19.671688 -8.488778 -82.121731 -8.488778 99.335408 63.917796 -82.121731 63.917796 92.008500
-5.527465 2.093287 -83.126498 2.093287 94.792707 73.316731 -83.126498 73.316731 81.962497
-9.832356 6.569579 -84.683744 6.569579 92.504123 68.683020 -84.683744 68.683020 88.712578
-1.441676 -8.002974 -78.024396 -8.002974 80.480259 66.208031 -78.024396 66.208031 77.001130
-19.790914 -11.853663 -86.930336 -11.853663 94.555785 53.315734 -86.930336 53.315734 94.312151
-25.739635 -32.669569 -79.759353 -32.669569 98.210112 49.520253 -79.759353 49.520253 96.958249
-22.967021 -6.829843 -98.018509 -6.829843 112.901687 49.891337 -98.018509 49.891337 93.616493
-19.533597 -11.442890 -86.556273 -11.442890 87.669112 41.766260 -86.556273 41.766260 92.025275
10.555713 9.521435 -95.952008 9.521435 91.461996 72.606936 -95.952008 72.606936 75.457458
-11.584918 -2.731903 -86.199315 -2.731903 79.304630 51.292726 -86.199315 51.292726 91.796637
-6.025628 8.988436 -80.153507 8.988436 68.688313 44.169792 -80.153507 44.169792 80.353636
-3.806997 -1.828115 -71.806920 -1.828115 60.185930 57.580436 -71.806920 57.580436 86.497585
-27.907915 -7.078018 -85.765037 -7.078018 119.067641 61.894747 -85.765037 61.894747 91.266037
-16.913506 -1.213973 -93.582525 -1.213973 91.156832 52.807421 -93.582525 52.807421 99.803633
-30.414913 -11.563929 -79.724995 -11.563929 110.801809 57.296714 -79.724995 57.296714 93.205872
3.108705 6.559834 -95.866999 6.559834 85.547867 56.255752 -95.866999 56.255752 78.061948
-33.418009 -24.037270 -65.724269 -24.037270 81.242435 49.813301 -65.724269 49.813301 111.516924
-26.357100 -15.571670 -91.804801 -15.571670 106.446120 49.282637 -91.804801 49.282637 98.745314
-27.000968 -5.492082 -79.863142 -5.492082 104.477086 62.204723 -79.863142 62.204723 96.128855
-26.759820 -11.264064 -71.069474 -11.264064 92.895947 62.593940 -71.069474 62.593940 98.382859
4.937061 9.720575 -94.089168 9.720575 74.867338 44.700629 -94.089168 44.700629 75.703883
-3.171061 2.918925 -75.420882 2.918925 61.030372 44.863780 -75.420882 44.863780 77.349166
12.423349 16.336290 -87.254175 16.336290 70.432717 66.124099 -87.254175 66.124099 78.441694
-0.426668 8.614410 -80.975981 8.614410 64.516655 53.892988 -80.975981 53.892988 84.565810
-25.387914 -18.347010 -81.699638 -18.347010 95.961464 49.488006 -81.699638 49.488006 95.392075
-2.687216 -3.760235 -83.958919 -3.760235 78.060193 63.420672 -83.958919 63.420672 85.487285
-3.465169 3.673332 -83.839192 3.673332 66.274115 54.619005 -83.839192 54.619005 91.862440
-26.432812 -11.702437 -86.419467 -11.702437 97.434435 52.669818 -86.419467 52.669818 102.741740
-22.744890 -6.972160 -78.668110 -6.972160 119.166724 65.249365 -78.668110 65.249365 77.876304
-3.811242 8.055147 -78.449176 8.055147 55.407628 42.050327 -78.449176 42.050327 88.040765
-12.525453 -0.794361 -93.944395 -0.794361 96.099102 66.094764 -93.944395 66.094764 98.174558
-7.244624 3.383845 -98.642421 3.383845 113.733270 68.732508 -98.642421 68.732508 81.414481
-6.305930 -4.033440 -81.432513 -4.033440 85.120896 68.506733 -81.432513 68.506733 86.043587
4.299292 2.127222 -67.750379 2.127222 62.898626 71.676864 -67.750379 71.676864 80.190747
-18.768402 -2.524149 -72.581183 -2.524149 87.551391 68.800017 -72.581183 68.800017 95.667514
-20.927806 -9.641381 -83.949636 -9.641381 99.689796 60.208720 -83.949636 60.208720 92.967536
-6.642238 -4.007766 -90.111648 -4.007766 81.610399 45.400680 -90.111648 45.400680 81.792711
-25.917853 3.560787 -101.111240 3.560787 113.673585 58.011023 -101.111240 58.011023 107.285473
-17.737027 9.785473 -96.075757 9.785473 94.308428 51.036722 -96.075757 51.036722 100.705936
-12.015326 -5.689337 -102.932687 -5.689337 95.367619 46.730565 -102.932687 46.730565 95.494711
0.775261 0.373423 -87.263754 0.373423 79.841473 59.812112 -87.263754 59.812112 78.892770
-12.058351 3.452372 -72.803533 3.452372 63.719772 57.439205 -72.803533 57.439205 99.086648
10.279113 8.718290 -97.608320 8.718290 75.917216 57.761436 -97.608320 57.761436 80.570081
0.538046 -2.302164 -88.443792 -2.302164 82.409690 59.602927 -88.443792 59.602927 78.061522
-0.078214 2.701346 -95.580736 2.701346 101.128099 68.125615 -95.580736 68.125615 77.399431
-0.290306 3.717629 -91.026242 3.717629 88.752137 65.200185 -91.026242 65.200185 81.174441
-32.161245 -18.876257 -95.068134 -18.876257 119.581116 51.220836 -95.068134 51.220836 103.382440
-22.157930 2.950641 -76.159281 2.950641 70.204650 50.239469 -76.159281 50.239469 109.252418
-9.604777 -0.058677 -67.689532 -0.058677 95.364038 78.495346 -67.689532 78.495346 77.605139
-18.788277 -0.329522 -97.283025 -0.329522 101.706627 46.133680 -97.283025 46.133680 92.928029
-7.274199 -4.245402 -71.267115 -4.245402 68.117976 63.779891 -71.267115 63.779891 89.301815
-8.416342 -0.327660 -89.837053 -0.327660 88.231087 58.422530 -89.837053 58.422530 87.457007
-10.273059 -3.184610 -90.244320 -3.184610 88.315340 52.834486 -90.244320 52.834486 86.685062
-20.894861 -8.931300 -88.242920 -8.931300 111.986894 68.286607 -88.242920 68.286607 93.272706
0.210673 -4.072230 -92.318018 -4.072230 80.802332 54.470278 -92.318018 54.470278 81.039459
-22.063459 -8.454619 -92.180269 -8.454619 111.505090 60.456620 -92.180269 60.456620 93.790314
4.929555 14.428097 -89.980271 14.428097 62.697558 55.788258 -89.980271 55.788258 92.850242
-17.510365 -0.882626 -89.014552 -0.882626 88.768703 46.676915 -89.014552 46.676915 92.785795
-28.287371 -4.609883 -74.165358 -4.609883 81.843641 48.529411 -74.165358 48.529411 103.712652
-19.730604 1.354362 -88.642784 1.354362 106.965357 66.265019 -88.642784 66.265019 94.014323
-6.297595 2.955440 -77.591439 2.955440 72.686148 63.086779 -77.591439 63.086779 89.248375
3.066240 5.982367 -101.638026 5.982367 93.791876 66.922064 -101.638026 66.922064 85.744826
-24.335971 -8.687273 -88.173103 -8.687273 107.029812 55.841068 -88.173103 55.841068 93.635689
-1.123601 -0.786297 -86.028083 -0.786297 83.693089 65.601035 -86.028083 65.601035 81.654694
-5.161983 -5.660390 -82.833631 -5.660390 87.681412 67.643434 -82.833631 67.643434 82.555063
-6.704870 4.811787 -93.098522 4.811787 82.537766 52.402788 -93.098522 52.402788 90.062532
-20.755795 -19.915384 -75.704589 -19.915384 86.570275 52.417344 -75.704589 52.417344 91.579907
-21.777226 2.270746 -90.123425 2.270746 111.758779 65.165077 -90.123425 65.165077 94.016846
2.576806 -1.277662 -85.037207 -1.277662 74.399007 63.963401 -85.037207 63.963401 82.598387
-11.499828 -4.779803 -73.447719 -4.779803 78.238926 67.315016 -73.447719 67.315016 91.871822
-12.133656 -0.642794 -86.321237 -0.642794 101.927460 69.804489 -86.321237 69.804489 86.285822
-16.583833 -10.140531 -87.482195 -10.140531 91.177886 50.703559 -87.482195 50.703559 90.336040
-13.561210 -3.069364 -91.978984 -3.069364 106.815674 63.957896 -91.978984 63.957896 85.775932
-28.454954 -28.472724 -74.865401 -28.472724 93.457411 50.593029 -74.865401 50.593029 100.231796
-17.800962 -1.747721 -91.581974 -1.747721 92.549308 60.029861 -91.581974 60.029861 103.129535
-25.013930 -15.445229 -86.683138 -15.445229 112.579561 61.780720 -86.683138 61.780720 93.827318
-20.683762 0.784888 -104.329723 0.784888 127.090373 61.896755 -104.329723 61.896755 92.966032
-14.125269 3.908816 -76.442446 3.908816 67.379156 52.915267 -76.442446 52.915267 98.926426
-24.366749 -21.813047 -77.844175 -21.813047 82.454655 46.438505 -77.844175 46.438505 101.754131
-3.764729 4.415946 -100.080424 4.415946 90.747809 54.734265 -100.080424 54.734265 87.852429
-29.157643 -12.247345 -88.436025 -12.247345 107.559670 48.861023 -88.436025 48.861023 97.837750
-12.577862 -10.466481 -71.939399 -10.466481 65.641863 47.327158 -71.939399 47.327158 87.524096
-27.047637 -15.177257 -71.154694 -15.177257 81.209135 56.663744 -71.154694 56.663744 107.308853
-0.142549 0.381688 -74.941965 0.381688 70.371329 71.357755 -74.941965 71.357755 86.793527
-17.349030 -7.979931 -98.080714 -7.979931 96.865619 41.326862 -98.080714 41.326862 93.668767
12.207552 13.633937 -94.270395 13.633937 84.350552 67.980880 -94.270395 67.980880 74.403446
-20.601804 -11.622715 -80.766594 -11.622715 102.395487 61.857644 -80.766594 61.857644 87.936618
-19.994501 -9.162830 -103.766396 -9.162830 115.626434 53.940104 -103.766396 53.940104 96.039761
4.544935 -0.814614 -91.922030 -0.814614 78.759959 56.416087 -91.922030 56.416087 77.295182
-26.998408 -15.604801 -78.058304 -15.604801 101.874609 61.154005 -78.058304 61.154005 97.178412
276.137124 4.274268 -71.289244 4.274268 -11.235888 -1.817544 -71.289244 -1.817544 -13.689180
277.948831 9.379130 -62.702270 9.379130 -17.577929 -11.515790 -62.702270 -11.515790 -10.315973
264.752654 2.283900 -99.075434 2.283900 -9.723481 0.401525 -99.075434 0.401525 0.572050
271.925508 5.395080 -78.795540 5.395080 -13.271720 -2.990269 -78.795540 -2.990269 -7.589447
272.597720 10.474971 -70.671774 10.474971 -7.081739 2.178112 -70.671774 2.178112 -17.074798
278.209439 5.175910 -75.649484 5.175910 -11.353077 2.299343 -75.649484 2.299343 -12.173085
275.912834 10.058067 -66.274056 10.058067 -12.542174 5.603983 -66.274056 5.603983 -13.964324
282.065505 4.808525 -85.843161 4.808525 -10.526183 -5.921533 -85.843161 -5.921533 -9.226060
284.016408 -0.495843 -67.229489 -0.495843 -6.072295 9.573503 -67.229489 9.573503 -21.549558
264.160574 12.190457 -69.213651 12.190457 -6.234850 -7.481836 -69.213651 -7.481836 -16.588410
283.284738 23.826623 -56.842687 23.826623 -4.339232 -9.064614 -56.842687 -9.064614 -25.020626
267.824429 12.834192 -72.469505 12.834192 -10.625651 -0.864668 -72.469505 -0.864668 -11.780835
273.534849 -42.474061 -63.110141 -42.474061 -4.453184 8.698214 -63.110141 8.698214 -17.714305
264.347355 46.046495 -85.750611 46.046495 -1.446094 -15.474578 -85.750611 -15.474578 -7.956363
272.182900 24.898040 -64.643975 24.898040 -15.315507 -8.776807 -64.643975 -8.776807 -9.467380
267.783576 23.064052 -84.520032 23.064052 -12.446091 -2.050136 -84.520032 -2.050136 -3.458025
268.174164 -12.411630 -69.090417 -12.411630 -7.623429 4.762514 -69.090417 4.762514 -16.141994
279.282989 9.053591 -36.242830 9.053591 -8.547830 -7.652395 -36.242830 -7.652395 -26.965754
270.407973 -4.421071 -68.536253 -4.421071 -9.130470 0.330758 -68.536253 0.330758 -15.756392
274.491763 -24.553488 -71.376582 -24.553488 -15.152043 16.897569 -71.376582 16.897569 -6.948070
266.166144 -1.227764 -86.976474 -1.227764 -8.670029 3.785299 -86.976474 3.785299 -7.211795
