-29.355124 -31.012720 2.459147 -31.012720 47.588301 -1.038527 2.459147 -1.038527 62.586670 
-25.340460 -28.984582 7.454181 -28.984582 43.524539 3.050961 7.454181 3.050961 55.077859 
-22.323768 -32.868700 6.629789 -32.868700 41.296178 3.904533 6.629789 3.904533 54.827981 
-26.577126 -43.608880 7.381144 -43.608880 49.498472 3.300833 7.381144 3.300833 71.021396 
-34.181671 -35.351129 17.699554 -35.351129 61.261192 5.774761 17.699554 5.774761 70.435557 
-23.989432 -35.259381 -0.010982 -35.259381 43.196778 1.371295 -0.010982 1.371295 59.027077 
-30.438668 -22.552640 4.948109 -22.552640 47.449779 0.611275 4.948109 0.611275 56.576947 
-24.625398 -46.319674 4.544307 -46.319674 47.725634 1.787292 4.544307 1.787292 71.755484 
-22.945890 -29.541164 16.522806 -29.541164 43.668984 6.851368 16.522806 6.851368 54.587205 
-21.624394 -36.336940 10.114812 -36.336940 41.880647 4.588825 10.114812 4.588825 58.528418 
-24.118893 -31.833944 6.558115 -31.833944 42.548976 2.220212 6.558115 2.220212 56.361313 
-19.114039 -23.872879 8.082093 -23.872879 33.697878 5.219058 8.082093 5.219058 44.583011 
-31.591438 -29.732722 1.598666 -29.732722 51.860247 0.598341 1.598666 0.598341 61.992032 
-20.807289 -40.399691 7.097276 -40.399691 40.061368 1.463489 7.097276 1.463489 63.729249 
-18.153315 -40.233531 4.564495 -40.233531 36.268903 1.076309 4.564495 1.076309 61.427578 
-6.671883 -35.810596 9.250164 -35.810596 22.615253 5.327912 9.250164 5.327912 48.382910 
-8.562045 -35.125439 5.248910 -35.125439 22.886214 2.245070 5.248910 2.245070 49.225400 
-24.029284 -29.624176 -1.262021 -29.624176 40.478182 0.488247 -1.262021 0.488247 54.773563 
-22.139487 -32.781650 -0.610838 -32.781650 38.197837 -1.043306 -0.610838 -1.043306 57.130343 
-35.385275 -41.027298 -0.767032 -41.027298 60.866564 0.518307 -0.767032 0.518307 75.532517 
-26.301025 -29.553825 -3.568081 -29.553825 43.645011 -0.986296 -3.568081 -0.986296 57.223485 
-15.113359 -54.826712 12.591704 -54.826712 42.387291 8.198137 12.591704 8.198137 72.939252 
-11.180567 -43.025525 6.620184 -43.025525 31.032173 5.717093 6.620184 5.717093 57.731780 
-34.994859 -39.703401 -1.577782 -39.703401 58.691023 -2.258966 -1.577782 -2.258966 75.562369 
-17.112384 -43.214801 7.859545 -43.214801 39.170722 5.854840 7.859545 5.854840 60.902466 
-42.451301 -29.849783 10.206102 -29.849783 68.720957 2.546920 10.206102 2.546920 75.401365 
-15.523831 -44.425704 12.920463 -44.425704 39.117779 9.311036 12.920463 9.311036 61.964518 
-10.425292 -39.555328 5.938664 -39.555328 28.511023 4.931948 5.938664 4.931948 53.344506 
-19.050178 -36.935610 15.198766 -36.935610 41.610375 7.780008 15.198766 7.780008 56.535099 
-12.402201 -48.219896 14.162556 -48.219896 37.367678 9.681690 14.162556 9.681690 64.018634 
-22.972252 -36.502617 9.944037 -36.502617 44.142513 6.342516 9.944037 6.342516 59.612410 
-23.754322 -33.131405 10.101147 -33.131405 45.109139 5.542384 10.101147 5.542384 55.684956 
-18.679899 -46.550570 10.660114 -46.550570 41.920558 5.587529 10.660114 5.587529 67.190463 
-36.543486 -29.080901 5.431812 -29.080901 58.724841 2.063382 5.431812 2.063382 67.861762 
-11.640243 -32.566211 5.706393 -32.566211 27.939562 5.168169 5.706393 5.168169 45.178884 
-16.951401 -36.999328 5.913208 -36.999328 34.517504 3.563343 5.913208 3.563343 56.072782 
-20.037362 -46.094074 5.154034 -46.094074 42.867513 3.452266 5.154034 3.452266 66.636031 
-23.853475 -29.503625 4.717963 -29.503625 40.535465 1.431713 4.717963 1.431713 54.557090 
-33.199964 -39.074616 -3.847713 -39.074616 56.846616 -1.376269 -3.847713 -1.376269 72.217755 
-31.160631 -34.809763 15.494075 -34.809763 56.396689 6.282259 15.494075 6.282259 66.374262 
-31.661657 -36.366768 11.827371 -36.366768 55.977998 5.163165 11.827371 5.163165 68.169574 
-29.177884 -45.602969 -0.176715 -45.602969 52.987757 -0.383721 -0.176715 -0.383721 75.156069 
-11.963941 -37.828509 8.778890 -37.828509 30.642150 7.181937 8.778890 7.181937 52.405229 
-20.719501 -55.406444 14.741366 -55.406444 49.643716 8.964745 14.741366 8.964745 77.947909 
-30.570297 -23.644153 -1.034019 -23.644153 49.646303 0.769572 -1.034019 0.769572 55.007876 
-15.226025 -40.429858 4.913412 -40.429858 33.486500 3.119750 4.913412 3.119750 58.612488 
-25.641382 -30.688621 -0.693426 -30.688621 42.730889 -0.613958 -0.693426 -0.613958 57.777255 
-18.528710 -53.612083 12.839432 -53.612083 45.021947 6.848567 12.839432 6.848567 75.027892 
-18.131625 -31.707466 14.137861 -31.707466 37.565696 7.472216 14.137861 7.472216 51.454721 
-26.268971 -27.329622 1.818753 -27.329622 43.117844 2.420568 1.818753 2.420568 54.865764 
-24.441654 -35.933026 1.567205 -35.933026 44.228922 1.644968 1.567205 1.644968 59.929768 
-21.692907 -27.942149 5.905178 -27.942149 37.337471 2.321917 5.905178 2.321917 51.008140 
-19.874997 -40.265927 5.829907 -40.265927 40.506311 4.391324 5.829907 4.391324 60.447211 
-26.362173 -34.884947 8.968863 -34.884947 47.204663 3.359795 8.968863 3.359795 61.499789 
-18.942258 -34.003815 11.272011 -34.003815 38.405736 6.166563 11.272011 6.166563 53.699554 
-18.783169 -33.289709 7.715290 -33.289709 36.966991 4.770474 7.715290 4.770474 52.352370 
-23.894749 -36.672747 6.927200 -36.672747 43.777622 3.095903 6.927200 3.095903 61.179685 
-26.174629 -31.977773 3.180714 -31.977773 44.303699 1.552146 3.180714 1.552146 59.206075 
-27.886467 -29.499981 5.729116 -29.499981 46.413025 1.951332 5.729116 1.951332 58.603655 
-21.582963 -35.247434 5.813715 -35.247434 40.981937 3.478521 5.813715 3.478521 56.429525 
-20.254433 -36.847269 7.525671 -36.847269 40.146685 5.098876 7.525671 5.098876 57.226926 
-25.333698 -38.615399 9.527702 -38.615399 47.891360 5.616279 9.527702 5.616279 63.604146 
-18.201839 -33.395211 5.845869 -33.395211 34.547294 2.758883 5.845869 2.758883 53.421702 
-23.086192 -27.162001 9.708356 -27.162001 40.751616 4.158967 9.708356 4.158967 51.118219 
-25.587091 -33.957048 7.289890 -33.957048 45.972257 4.041253 7.289890 4.041253 59.288815 
-24.715005 -37.714478 4.089267 -37.714478 44.564184 2.035473 4.089267 2.035473 63.140457 
-18.709135 -40.260023 9.564890 -40.260023 39.568646 5.659286 9.564890 5.659286 60.140305 
-17.487201 -35.877356 5.775564 -35.877356 35.410907 3.782358 5.775564 3.782358 54.361730 
-21.126700 -33.436533 7.662148 -33.436533 40.190812 4.731540 7.662148 4.731540 54.382328 
-26.139047 -32.106592 6.186068 -32.106592 45.232673 2.982667 6.186068 2.982667 58.799793 
-14.769166 -38.580501 12.117968 -38.580501 35.106040 7.314989 12.117968 7.314989 55.504998 
-19.773659 -39.699197 12.422410 -39.699197 41.013745 6.495625 12.422410 6.495625 61.378491 
-24.955769 -34.702971 7.950871 -34.702971 45.492038 3.960009 7.950871 3.960009 59.410686 
-15.439650 -40.055070 10.858007 -40.055070 35.907601 6.233458 10.858007 6.233458 57.476698 
-18.326913 -37.411326 9.325729 -37.411326 37.384448 4.653260 9.325729 4.653260 57.470993 
-25.458850 -31.812310 8.405619 -31.812310 44.598787 3.384234 8.405619 3.384234 58.077288 
-25.755705 -29.473868 9.248214 -29.473868 45.485056 4.307098 9.248214 4.307098 55.252836 
-20.603563 -33.728086 13.761005 -33.728086 41.006826 6.251982 13.761005 6.251982 55.465150 
-17.116384 -38.008577 11.817288 -38.008577 37.784925 6.696223 11.817288 6.696223 56.329528 
-19.450183 -39.798103 5.683624 -39.798103 38.628692 3.093167 5.683624 3.093167 61.037463 
-19.475713 -37.416505 11.383476 -37.416505 40.255835 6.289969 11.383476 6.289969 57.686125 
-24.783870 -38.158071 2.287804 -38.158071 44.569657 0.549865 2.287804 0.549865 63.679973 
-20.221911 -34.595256 3.148390 -34.595256 37.772896 2.006660 3.148390 2.006660 55.498833 
-19.810817 -37.418612 15.084543 -37.418612 42.228372 8.063680 15.084543 8.063680 58.313869 
-24.473373 -35.506897 9.322022 -35.506897 45.117038 4.301028 9.322022 4.301028 60.241454 
-14.196796 -42.703003 6.775522 -42.703003 33.993299 4.047042 6.775522 4.047042 59.732953 
-25.446785 -31.486199 6.825152 -31.486199 44.506358 3.063027 6.825152 3.063027 57.184708 
-20.406811 -30.082268 6.884595 -30.082268 37.085106 3.005559 6.884595 3.005559 51.207941 
-20.498016 -31.231933 8.416641 -31.231933 37.700948 3.320630 8.416641 3.320630 52.867936 
-20.051107 -36.665735 6.329268 -36.665735 39.023139 3.588291 6.329268 3.588291 57.340026 
-24.142301 -31.496575 3.024981 -31.496575 41.912894 1.614725 3.024981 1.614725 56.002614 
-18.870007 -35.680505 5.055511 -35.680505 36.513586 2.901650 5.055511 2.901650 55.804619 
-28.152917 -38.020447 12.644834 -38.020447 52.049672 5.871119 12.644834 5.871119 66.222258 
-19.901891 -34.686375 7.496752 -34.686375 37.880986 3.832844 7.496752 3.832844 55.889292 
-24.361516 -33.399580 8.604060 -33.399580 44.582373 4.577297 8.604060 4.577297 57.526507 
-25.444744 -32.833271 5.750455 -32.833271 44.179401 2.249579 5.750455 2.249579 59.040485 
-17.382484 -32.831124 4.764339 -32.831124 33.860772 3.389286 4.764339 3.389286 51.155774 
-19.484220 -39.847000 7.470371 -39.847000 39.726139 4.585317 7.470371 4.585317 60.334636 
-14.101415 -36.700113 9.612337 -36.700113 32.358465 5.403935 9.612337 5.403935 53.114012 
-18.985765 -33.832862 9.756728 -33.832862 37.963389 5.897727 9.756728 5.897727 53.395137 
-21.696203 -35.341040 7.281799 -35.341040 40.805892 3.902730 7.281799 3.902730 57.569486 
-22.005551 -36.157172 8.705705 -36.157172 42.007121 4.572392 8.705705 4.572392 58.557979 
-23.568587 -36.254286 7.492327 -36.254286 43.664680 3.932666 7.492327 3.932666 60.128376 
-22.335540 -34.969142 8.205369 -34.969142 41.765938 4.220778 8.205369 4.220778 57.788047 
-22.916703 -35.192450 7.571854 -35.192450 42.438747 3.905826 7.571854 3.905826 58.504485 
-23.106876 -35.711240 6.423328 -35.711240 42.621559 3.485506 6.423328 3.485506 59.129256 
-21.970830 -36.545558 8.040324 -36.545558 41.855636 4.252266 8.040324 4.252266 58.958117 
-23.008636 -35.416802 8.340732 -35.416802 42.759879 4.160195 8.340732 4.160195 58.937458 
-22.900179 -35.798678 7.583168 -35.798678 42.549385 3.987708 7.583168 3.987708 59.207775 
-21.862832 -36.791531 8.388447 -36.791531 41.922229 4.536014 8.388447 4.536014 59.113510 
-21.734369 -36.276958 7.606641 -36.276958 41.329093 4.061378 7.606641 4.061378 58.475887 
-22.819902 -35.398951 7.960796 -35.398951 42.579189 4.160950 7.960796 4.160950 58.523650 
-21.973804 -35.829578 8.898485 -35.829578 41.909338 4.693396 8.898485 4.693396 58.218508 
-22.095943 -35.538232 8.145421 -35.538232 41.602082 4.217769 8.145421 4.217769 58.177645 
-22.484426 -34.869795 7.197504 -34.869795 41.783916 3.958763 7.197504 3.958763 57.650430 
-22.046641 -36.339361 6.960273 -36.339361 41.645456 3.793359 6.960273 3.793359 58.732043 
-22.192969 -36.240367 8.329569 -36.240367 42.182205 4.521122 8.329569 4.521122 58.800319 
-21.673371 -36.484096 7.888829 -36.484096 41.278818 4.041769 7.888829 4.041769 58.776932 
-22.918670 -35.116035 8.105552 -35.116035 42.537704 4.177300 8.105552 4.177300 58.484575 
-23.645688 -35.270013 6.857307 -35.270013 43.185427 3.482364 6.857307 3.482364 59.302471 
-22.344011 -36.219567 6.803248 -36.219567 41.727741 3.495395 6.803248 3.495395 59.145115 
-21.955877 -36.453362 8.648061 -36.453362 41.904284 4.458553 8.648061 4.458553 58.958526 
-22.849583 -35.680145 8.144882 -35.680145 42.739101 4.218620 8.144882 4.218620 58.866141 
-23.306789 -35.033573 7.714338 -35.033573 42.977486 4.033520 7.714338 4.033520 58.669630 
-22.536258 -36.716559 7.191787 -36.716559 42.373949 3.938171 7.191787 3.938171 59.696093 
-22.400058 -36.602643 7.232757 -36.602643 42.049626 3.763615 7.232757 3.763615 59.588621 
-22.289837 -34.894848 7.013564 -34.894848 41.492753 3.980320 7.013564 3.980320 57.505354 
-22.983310 -35.187662 6.996749 -35.187662 42.510551 3.833367 6.996749 3.833367 58.396724 
-22.032065 -36.130901 7.676401 -36.130901 41.605298 3.959552 7.676401 3.959552 58.679416 
-22.007455 -35.853463 8.924299 -35.853463 41.820018 4.570752 8.924299 4.570752 58.447369 
-22.870472 -35.791671 7.800505 -35.791671 42.576909 3.946246 7.800505 3.946246 59.142784 
-22.960945 -35.717416 8.159496 -35.717416 42.814729 4.071003 8.159496 4.071003 59.095420 
-22.774684 -36.401395 7.968451 -36.401395 42.843219 4.253010 7.968451 4.253010 59.524402 
-23.102873 -36.388336 7.211250 -36.388336 43.046764 3.870038 7.211250 3.870038 59.812449 
-23.268325 -36.223222 7.823654 -36.223222 43.459738 4.110861 7.823654 4.110861 59.685919 
-22.530036 -35.189104 7.284736 -35.189104 41.811727 3.705094 7.284736 3.705094 58.184557 
-21.439670 -36.806722 8.690358 -36.806722 41.366006 4.452278 8.690358 4.452278 58.864507 
-23.183201 -35.221887 8.400553 -35.221887 43.103332 4.351937 8.400553 4.351937 58.722074 
-21.648917 -34.954949 7.945680 -34.954949 40.797781 4.188409 7.945680 4.188409 57.147089 
-22.199334 -37.187861 8.051336 -37.187861 42.319245 4.214779 8.051336 4.214779 59.884128 
-22.847949 -35.910572 8.867100 -35.910572 42.934658 4.493062 8.867100 4.493062 59.230533 
-21.804919 -35.712876 6.842023 -35.712876 40.929011 3.629458 6.842023 3.629458 58.070303 
-22.817037 -35.520849 7.804816 -35.520849 42.509721 4.085715 7.804816 4.085715 58.721578 
-22.085651 -35.007302 8.198599 -35.007302 41.471239 4.197766 8.198599 4.197766 57.566580 
-22.889848 -35.871312 8.229873 -35.871312 42.794819 4.116606 8.229873 4.116606 59.186313 
-23.329610 -35.437739 7.364238 -35.437739 43.048855 3.820124 7.364238 3.820124 59.074136 
-22.865664 -34.988796 8.138897 -34.988796 42.559436 4.273760 8.138897 4.273760 58.160116 
-22.902793 -36.008000 7.691104 -36.008000 42.774467 4.006213 7.691104 4.006213 59.254887 
-21.983892 -35.799189 7.383222 -35.799189 41.477082 3.930084 7.383222 3.930084 58.139734 
-23.056146 -36.746287 7.306475 -36.746287 43.114889 3.929681 7.306475 3.929681 60.157497 
