-29.848945 -26.625561 -0.130842 -26.625561 47.637144 0.470278 -0.130842 0.470278 58.483583 
-23.208855 -35.141127 -2.659533 -35.141127 41.982456 0.326243 -2.659533 0.326243 58.470377 
-21.558214 -40.373181 9.543375 -40.373181 42.501196 4.033055 9.543375 4.033055 63.247251 
-21.175242 -32.910968 -1.443519 -32.910968 38.650448 1.072692 -1.443519 1.072692 54.073500 
-17.233632 -46.906850 0.023971 -46.906850 38.696742 0.134245 0.023971 0.134245 66.299250 
-27.968961 -27.544672 13.741269 -27.544672 47.906827 4.722542 13.741269 4.722542 58.292742 
-28.303762 -36.493837 3.393928 -36.493837 49.019465 1.349886 3.393928 1.349886 65.159942 
-18.770804 -33.773703 12.895317 -33.773703 37.632053 5.152462 12.895317 5.152462 54.561333 
-23.191841 -40.464850 4.993898 -40.464850 44.047143 2.839780 4.993898 2.839780 64.135164 
-14.721542 -38.042548 8.953954 -38.042548 34.161211 6.683389 8.953954 6.683389 54.297231 
-31.601046 -31.150073 7.530938 -31.150073 51.990147 1.435299 7.530938 1.435299 64.610890 
-27.231941 -30.688210 14.192526 -30.688210 48.539429 5.997517 14.192526 5.997517 59.671268 
-12.573720 -44.061685 1.824791 -44.061685 33.106635 2.843469 1.824791 2.843469 58.435854 
-29.448898 -34.830617 8.571228 -34.830617 51.322991 3.333941 8.571228 3.333941 64.489659 
-15.726561 -43.827547 6.961203 -43.827547 36.185992 4.277803 6.961203 4.277803 62.258435 
-23.544080 -25.942402 20.261921 -25.942402 46.621102 7.146003 20.261921 7.146003 51.519169 
-23.293723 -38.536364 -1.440436 -38.536364 43.265228 -0.973426 -1.440436 -0.973426 61.956113 
-12.894300 -36.792275 11.321169 -36.792275 31.187509 5.816734 11.321169 5.816734 52.894808 
-9.328165 -47.150531 7.444081 -47.150531 31.037346 5.964904 7.444081 5.964904 60.938856 
-13.835796 -53.950062 0.648368 -53.950062 38.617976 2.793204 0.648368 2.793204 70.561847 
-30.026442 -41.877955 15.395038 -41.877955 56.562692 5.319809 15.395038 5.319809 71.784480 
-21.216427 -29.593206 -3.187767 -29.593206 37.911579 -0.394055 -3.187767 -0.394055 50.517190 
-24.805772 -32.176873 -3.462193 -32.176873 42.533540 -0.573761 -3.462193 -0.573761 57.984359 
-16.881211 -41.220882 3.114575 -41.220882 36.280896 1.860986 3.114575 1.860986 59.567176 
-6.561487 -46.553905 1.117774 -46.553905 26.583700 3.023938 1.117774 3.023938 58.998633 
-26.321821 -35.711935 6.608253 -35.711935 45.994585 1.461015 6.608253 1.461015 63.214937 
-18.043435 -44.170843 12.435962 -44.170843 40.040308 5.061523 12.435962 5.061523 65.090012 
-32.730112 -33.540662 3.571338 -33.540662 55.215731 2.178795 3.571338 2.178795 65.956417 
-25.102781 -30.053997 20.991562 -30.053997 48.408634 6.946833 20.991562 6.946833 58.299035 
-21.932962 -31.434142 -1.305048 -31.434142 38.583158 0.696266 -1.305048 0.696266 54.035427 
-28.020596 -25.738824 7.855932 -25.738824 47.548624 4.212998 7.855932 4.212998 54.129119 
-26.329537 -34.883327 9.428248 -34.883327 46.956817 5.221080 9.428248 5.221080 62.200297 
-14.486007 -37.402477 3.052747 -37.402477 31.026771 1.546468 3.052747 1.546468 54.786005 
-27.724116 -29.123353 6.629848 -29.123353 48.230622 4.433964 6.629848 4.433964 56.062757 
-19.784350 -42.268597 8.778618 -42.268597 41.589788 5.046027 8.778618 5.046027 62.808708 
-22.925501 -38.166003 6.198540 -38.166003 43.197388 2.486732 6.198540 2.486732 61.325255 
-19.147098 -29.472142 8.180909 -29.472142 35.066987 3.419659 8.180909 3.419659 50.194135 
-20.920202 -33.339222 -2.607847 -33.339222 37.557192 -1.191183 -2.607847 -1.191183 55.645768 
-30.465216 -29.986764 -2.042548 -29.986764 49.876625 -0.758604 -2.042548 -0.758604 61.543328 
-37.049393 -23.211166 8.775302 -23.211166 60.631021 4.268065 8.775302 4.268065 62.805574 
-32.012875 -29.669529 16.587988 -29.669529 56.226704 5.347748 16.587988 5.347748 63.567739 
-22.856979 -32.400995 6.098484 -32.400995 40.697358 3.063060 6.098484 3.063060 56.114824 
-28.047195 -26.107515 14.139174 -26.107515 49.298651 5.113137 14.139174 5.113137 55.627323 
-10.031654 -37.003875 8.341384 -37.003875 28.906439 6.820676 8.341384 6.820676 48.699402 
-16.595144 -34.326822 7.766560 -34.326822 34.479155 5.230962 7.766560 5.230962 51.830301 
-25.095539 -27.854372 -3.344969 -27.854372 41.833473 -0.303529 -3.344969 -0.303529 53.882276 
-19.288357 -27.196280 13.678067 -27.196280 36.591889 5.100043 13.678067 5.100043 48.676589 
-27.882505 -34.831295 10.259524 -34.831295 48.821161 3.556719 10.259524 3.556719 63.991979 
-33.367259 -32.693135 2.434880 -32.693135 55.336312 1.338155 2.434880 1.338155 66.400581 
-33.966325 -35.430210 8.822476 -35.430210 57.356718 2.209754 8.822476 2.209754 70.231925 
-34.405501 -31.915334 10.940988 -31.915334 57.792634 4.192737 10.940988 4.192737 67.791835 
-19.447365 -35.153837 10.864325 -35.153837 39.038437 5.006792 10.864325 5.006792 55.364506 
-29.241609 -22.078076 13.700740 -22.078076 48.497293 4.516445 13.700740 4.516445 55.440165 
-12.738726 -37.802104 12.465141 -37.802104 32.810867 7.468241 12.465141 7.468241 52.855317 
-18.843490 -31.921071 14.189877 -31.921071 39.254720 7.027453 14.189877 7.027453 51.259267 
-27.422107 -27.911254 3.836168 -27.911254 46.318223 2.759747 3.836168 2.759747 55.179203 
-12.165935 -39.918036 10.058960 -39.918036 31.240243 5.396254 10.058960 5.396254 55.551980 
-30.079785 -33.470239 0.775506 -33.470239 50.017190 1.201693 0.775506 1.201693 64.578114 
-26.608631 -38.605637 16.605488 -38.605637 51.268945 6.271268 16.605488 6.271268 66.016446 
-25.294001 -40.080685 6.655432 -40.080685 47.932642 5.046677 6.655432 5.046677 64.585425 
-23.258731 -36.663442 22.468725 -36.663442 50.174239 9.766895 22.468725 9.766895 61.339862 
-28.781245 -33.582862 18.952971 -33.582862 53.966099 6.746268 18.952971 6.746268 63.702140 
-22.621633 -33.276577 -5.159484 -33.276577 41.016527 -0.388936 -5.159484 -0.388936 55.872732 
-18.451373 -32.141842 7.470374 -32.141842 35.093977 3.081178 7.470374 3.081178 51.930400 
-26.632561 -32.644371 10.109009 -32.644371 46.260882 3.138271 10.109009 3.138271 60.869387 
-20.622730 -22.382882 8.250404 -22.382882 34.981574 2.961394 8.250404 2.961394 44.793573 
-18.938302 -47.899832 12.810036 -47.899832 43.853648 7.243921 12.810036 7.243921 68.476190 
-18.372425 -34.630404 10.614778 -34.630404 37.258561 5.546805 10.614778 5.546805 54.244493 
-13.067733 -51.147414 13.060059 -51.147414 37.849141 7.264528 13.060059 7.264528 68.582909 
-8.592112 -42.669838 10.993065 -42.669838 29.356319 7.177574 10.993065 7.177574 55.547730 
-21.566928 -37.096556 5.386569 -37.096556 41.337274 2.698488 5.386569 2.698488 58.474201 
-21.733501 -30.536289 8.059695 -30.536289 40.746466 6.182321 8.059695 6.182321 51.714871 
-27.241798 -31.508383 1.244341 -31.508383 45.061027 0.355179 1.244341 0.355179 60.369104 
-23.320167 -36.215909 -1.586690 -36.215909 42.654464 -0.343869 -1.586690 -0.343869 59.362144 
-16.559872 -32.176868 9.590617 -32.176868 33.418840 4.525479 9.590617 4.525479 50.478958 
-25.403531 -34.549251 9.767088 -34.549251 45.393509 3.736673 9.767088 3.736673 61.136804 
-8.543444 -38.950759 6.917136 -38.950759 27.028913 7.684027 6.917136 7.684027 51.155268 
-27.275224 -33.209149 0.566812 -33.209149 47.259931 1.392977 0.566812 1.392977 59.910148 
-31.890758 -23.712174 7.572338 -23.712174 50.776090 1.847254 7.572338 1.847254 58.805953 
-18.090398 -51.526373 3.903745 -51.526373 42.266651 4.235145 3.903745 4.235145 71.629769 
-19.539584 -34.438551 5.468788 -34.438551 36.598874 3.044761 5.468788 3.044761 55.643775 
-21.739481 -29.354135 6.358238 -29.354135 39.417836 4.231757 6.358238 4.231757 50.791284 
-20.412284 -38.306036 2.387679 -38.306036 39.488633 2.279624 2.387679 2.279624 59.326634 
-23.507457 -50.735942 10.612694 -50.735942 50.039533 5.401939 10.612694 5.401939 74.526480 
-9.455126 -48.714406 10.576546 -48.714406 32.867097 7.809497 10.576546 7.809497 62.671517 
-27.283779 -29.519933 4.773628 -29.519933 45.166303 1.567842 4.773628 1.567842 58.261678 
-19.455632 -49.521416 8.629592 -49.521416 43.924445 5.311297 8.629592 5.311297 70.391782 
-43.400161 -27.581504 3.074131 -27.581504 68.439594 0.846770 3.074131 0.846770 74.788202 
-19.784900 -37.573766 15.861909 -37.573766 43.342640 7.875265 15.861909 7.875265 57.433737 
-19.216391 -44.768505 10.442948 -44.768505 42.455510 6.188570 10.442948 6.188570 64.946197 
-24.802465 -41.700352 6.263906 -41.700352 46.581035 2.880750 6.263906 2.880750 67.087287 
-27.023724 -31.916767 14.635041 -31.916767 48.790621 5.347513 14.635041 5.347513 60.387767 
-21.533818 -31.408391 11.452188 -31.408391 40.370750 4.370083 11.452188 4.370083 53.873194 
-16.907502 -28.893231 4.085969 -28.893231 32.534312 4.936650 4.085969 4.936650 45.871508 
-18.034543 -36.659507 4.034829 -36.659507 34.602713 0.968285 4.034829 0.968285 57.587212 
-10.428508 -44.513994 3.083559 -44.513994 30.483430 3.711758 3.083559 3.711758 58.346934 
-31.936590 -23.954928 3.465645 -23.954928 50.804319 0.375416 3.465645 0.375416 58.132178 
-10.257650 -29.710079 6.514240 -29.710079 22.632051 2.066910 6.514240 2.066910 44.629906 
-13.956130 -48.498409 8.203535 -48.498409 36.588257 5.693814 8.203535 5.693814 65.924592 
-22.796958 -32.652816 5.957512 -32.652816 42.380057 4.143494 5.957512 4.143494 54.260502 
-18.737103 -54.855773 5.275422 -54.855773 44.483274 3.678752 5.275422 3.678752 75.784605 
-27.156711 -32.435562 4.095547 -32.435562 47.261592 3.924544 4.095547 3.924544 59.165181 
-25.535814 -36.617911 16.612665 -36.617911 48.986303 6.288568 16.612665 6.288568 63.511142 
-16.163088 -30.693127 22.880555 -30.693127 40.581515 10.415168 22.880555 10.415168 49.438351 
-19.226872 -45.584110 4.926535 -45.584110 41.581508 2.201739 4.926535 2.201739 65.410935 
-7.274599 -36.305133 14.820678 -36.305133 26.311254 8.327027 14.820678 8.327027 48.948976 
-31.601271 -28.719985 7.806316 -28.719985 53.581361 4.280717 7.806316 4.280717 60.348500 
-10.248747 -39.621291 4.191123 -39.621291 28.093109 3.969190 4.191123 3.969190 53.096479 
-39.472976 -34.892799 5.021625 -34.892799 64.358485 1.484294 5.021625 1.484294 75.771773 
-31.059499 -31.817246 9.971785 -31.817246 53.747347 4.621657 9.971785 4.621657 62.935471 
-25.726579 -45.683304 7.354678 -45.683304 50.245185 4.376152 7.354678 4.376152 71.021689 
-32.562340 -28.770765 5.972727 -28.770765 53.883435 3.151803 5.972727 3.151803 62.082275 
-27.018496 -29.322526 -1.661348 -29.322526 45.109339 1.077972 -1.661348 1.077972 56.872304 
-15.610296 -40.779078 8.509312 -40.779078 36.457881 6.222426 8.509312 6.222426 57.370583 
-14.026880 -43.922848 6.413220 -43.922848 33.746914 3.688889 6.413220 3.688889 61.652483 
-13.084929 -35.355719 17.347540 -35.355719 35.017593 8.714483 17.347540 8.714483 50.373500 
-30.721998 -27.917272 2.790859 -27.917272 49.158267 0.502224 2.790859 0.502224 60.790296 
-13.626408 -38.181660 12.338065 -38.181660 32.644949 6.520299 12.338065 6.520299 55.514815 
-24.374484 -25.344882 4.461337 -25.344882 39.700292 1.160183 4.461337 1.160183 51.616095 
-10.404857 -50.833960 9.489575 -50.833960 33.400772 5.687457 9.489575 5.687457 66.906261 
-18.028101 -39.015625 -2.163206 -39.015625 36.532496 0.423103 -2.163206 0.423103 58.317676 
-15.163632 -43.700792 10.690362 -43.700792 37.141428 6.747446 10.690362 6.747446 61.021244 
-23.163740 -25.744281 7.340479 -25.744281 40.865995 5.161280 7.340479 5.161280 48.724942 
-23.571951 -27.742330 7.095573 -27.742330 40.475961 4.036447 7.095573 4.036447 52.493988 
-15.353057 -35.026572 16.255523 -35.026572 36.077444 8.786758 16.255523 8.786758 53.097140 
-22.887866 -31.890147 10.658997 -31.890147 42.800460 6.144633 10.658997 6.144633 55.011251 
-15.829412 -46.021643 3.576647 -46.021643 36.792208 3.484843 3.576647 3.484843 64.570675 
-33.678696 -25.324136 -0.370854 -25.324136 54.624918 1.371614 -0.370854 1.371614 59.955138 
-26.295648 -34.696830 10.386680 -34.696830 47.074428 4.622498 10.386680 4.622498 61.959038 
-28.027149 -40.943690 18.329845 -40.943690 55.229255 7.640379 18.329845 7.640379 69.101651 
-24.424352 -30.031058 -1.699303 -30.031058 42.729918 1.184316 -1.699303 1.184316 53.581774 
-18.040601 -35.104249 1.544264 -35.104249 35.512303 2.226949 1.544264 2.226949 53.525976 
-12.793226 -52.541209 19.089337 -52.541209 40.692188 10.725870 19.089337 10.725870 70.164660 
-13.579143 -42.632193 11.590076 -42.632193 34.959238 7.930802 11.590076 7.930802 59.321662 
-8.765045 -50.090418 13.278147 -50.090418 33.899630 10.904590 13.278147 10.904590 64.053014 
-32.779212 -42.680395 11.813926 -42.680395 58.974578 4.281856 11.813926 4.281856 75.434610 
-16.842664 -47.337232 0.738060 -47.337232 38.853615 1.865071 0.738060 1.865071 65.893646 
-19.944654 -29.932281 8.237357 -29.932281 37.117251 5.573449 8.237357 5.573449 50.717468 
-28.225993 -31.587142 16.945012 -31.587142 52.092012 6.532148 16.945012 6.532148 60.850014 
-39.919518 -22.924820 21.740273 -22.924820 68.634285 4.719294 21.740273 4.719294 68.827087 
-20.961851 -48.910473 16.335953 -48.910473 47.533253 7.929772 16.335953 7.929772 71.738730 
-21.789804 -35.967774 7.821947 -35.967774 41.346271 5.148366 7.821947 5.148366 58.414792 
-14.159458 -41.591146 13.483112 -41.591146 36.261521 7.708781 13.483112 7.708781 57.990468 
-10.674173 -39.169424 14.259935 -39.169424 31.650069 8.532322 14.259935 8.532322 53.213809 
-26.165692 -42.738018 0.239268 -42.738018 48.964271 0.283717 0.239268 0.283717 68.206288 
-32.426267 -27.291899 11.675763 -27.291899 54.322102 3.659768 11.675763 3.659768 61.601469 
-26.816430 -29.404494 -3.282662 -29.404494 44.851247 -0.481678 -3.282662 -0.481678 56.885831 
-9.336358 -35.317222 9.450228 -35.317222 26.161181 5.984692 9.450228 5.984692 48.513330 
-18.345099 -47.711551 7.948989 -47.711551 42.405718 5.921449 7.948989 5.921449 66.755184 
-18.720937 -28.303479 15.851775 -28.303479 39.822604 7.697181 15.851775 7.697181 46.908969 
-19.173700 -36.130642 3.499374 -36.130642 37.816747 3.693353 3.499374 3.693353 55.305739 
-15.634482 -39.557760 5.302429 -39.557760 33.200175 2.607013 5.302429 2.607013 58.637264 
-28.849023 -21.979799 -0.139903 -21.979799 45.766629 1.041167 -0.139903 1.041167 52.798514 
-33.991159 -25.650728 -2.757469 -25.650728 54.998512 -0.248133 -2.757469 -0.248133 60.858188 
-23.291012 -31.310387 21.516501 -31.310387 47.704507 8.030497 21.516501 8.030497 56.718106 
-22.241836 -39.592779 14.402754 -39.592779 46.386065 8.645790 14.402754 8.645790 61.878440 
-29.210262 -35.038649 15.069291 -35.038649 53.134141 5.677996 15.069291 5.677996 65.024307 
-23.375154 -30.823370 -2.723452 -30.823370 40.114191 -1.203126 -2.723452 -1.203126 55.251930 
-29.732864 -33.509729 3.948106 -33.509729 51.334440 3.487420 3.948106 3.487420 62.512636 
-24.382183 -35.561574 18.786085 -35.561574 48.306555 6.690908 18.786085 6.690908 61.509525 
-26.838910 -22.747708 1.932280 -22.747708 43.500982 1.827916 1.932280 1.827916 50.615910 
-15.239661 -35.536396 11.375364 -35.536396 34.506313 7.098893 11.375364 7.098893 52.311113 
-18.019234 -30.564695 8.538400 -30.564695 36.470447 7.092480 8.538400 7.092480 48.022219 
-27.153688 -35.722428 11.602304 -35.722428 49.796863 6.052268 11.602304 6.052268 62.958313 
-31.487893 -23.976150 4.123061 -23.976150 51.364420 2.812902 4.123061 2.812902 56.507087 
-16.173074 -41.685987 3.331055 -41.685987 36.566524 3.653410 3.331055 3.653410 58.370043 
-27.549869 -27.168971 4.527934 -27.168971 46.720391 3.470630 4.527934 3.470630 54.402100 
-19.285386 -41.810395 12.247469 -41.810395 42.683802 7.486339 12.247469 7.486339 61.262177 
-27.082101 -44.543940 7.433048 -44.543940 50.912875 2.873325 7.433048 2.873325 71.811952 
-28.146268 -26.589691 10.321546 -26.589691 48.621504 4.422042 10.321546 4.422042 55.151220 
-24.495078 -36.698531 2.964686 -36.698531 45.000695 2.678186 2.964686 2.678186 60.383837 
-17.707567 -42.941423 16.389818 -42.941423 42.777825 9.783708 16.389818 9.783708 61.826093 
-31.194652 -29.298343 5.710265 -29.298343 52.199772 2.305093 5.710265 2.305093 60.660450 
-20.091623 -38.270684 5.169737 -38.270684 39.127691 2.932606 5.169737 2.932606 59.437713 
-21.964449 -47.389135 6.190726 -47.389135 44.584175 3.783266 6.190726 3.783266 71.488807 
-37.783756 -40.586717 5.124750 -40.586717 63.082532 1.124385 5.124750 1.124385 79.310715 
-31.118835 -43.400426 4.693633 -43.400426 55.229630 1.440456 4.693633 1.440456 74.612302 
-13.300501 -35.358790 10.107620 -35.358790 30.685994 5.372139 10.107620 5.372139 51.600080 
-31.626023 -25.336742 7.541593 -25.336742 50.895529 1.447461 7.541593 1.447461 59.513107 
-26.088433 -29.234592 6.106191 -29.234592 44.206081 1.720024 6.106191 1.720024 56.077672 
-24.345601 -44.325088 8.393116 -44.325088 47.418636 3.794717 8.393116 3.794717 69.388963 
-27.386246 -29.584951 5.351402 -29.584951 45.857697 2.700047 5.351402 2.700047 57.983989 
-22.559325 -37.130522 -1.989981 -37.130522 41.237320 -0.520924 -1.989981 -0.520924 60.659256 
-32.727927 -25.906622 5.900633 -25.906622 52.989713 1.751989 5.900633 1.751989 60.390812 
-23.730775 -28.874795 4.657614 -28.874795 41.092164 3.367246 4.657614 3.367246 52.851778 
-19.424516 -42.506361 3.850367 -42.506361 40.222785 3.214176 3.850367 3.214176 62.737628 
-14.463233 -46.155945 3.219342 -46.155945 36.175706 4.538581 3.219342 4.538581 62.459105 
-21.911348 -36.408925 1.908716 -36.408925 41.258648 1.322104 1.908716 1.322104 57.816877 
-17.893252 -40.535428 4.771539 -40.535428 38.174484 3.623160 4.771539 3.623160 58.738904 
-25.404171 -34.723222 9.328444 -34.723222 45.244443 4.034238 9.328444 4.034238 61.453767 
-27.438476 -25.841129 -8.945248 -25.841129 45.239426 -3.467873 -8.945248 -3.467873 55.626076 
-28.785812 -29.329377 4.367055 -29.329377 48.308251 3.015283 4.367055 3.015283 58.407688 
-27.024513 -27.030412 5.909241 -27.030412 45.759391 3.738505 5.909241 3.738505 54.272193 
-30.147464 -31.030037 4.572070 -31.030037 49.790626 2.725940 4.572070 2.725940 62.488208 
-27.625728 -33.391069 2.505586 -33.391069 48.420176 2.830651 2.505586 2.830651 59.907548 
-8.115508 -40.571053 13.755252 -40.571053 28.958995 9.139754 13.755252 9.139754 53.547996 
-33.053925 -40.355917 7.911556 -40.355917 56.926990 2.313869 7.911556 2.313869 74.255879 
-30.937992 -39.968034 5.195377 -39.968034 54.756837 3.161848 5.195377 3.161848 70.183109 
-19.001458 -41.794694 0.388443 -41.794694 38.925236 2.648685 0.388443 2.648685 61.998372 
-19.958782 -26.864094 8.998176 -26.864094 35.589559 2.984469 8.998176 2.984469 48.314440 
-17.464604 -22.652800 0.582613 -22.652800 29.760805 1.875034 0.582613 1.875034 41.000930 
-30.173953 -24.704503 7.494004 -24.704503 49.350865 2.626840 7.494004 2.626840 56.608803 
-20.656071 -35.994337 3.514196 -35.994337 38.294182 3.152393 3.514196 3.152393 58.285862 
-13.722994 -42.202267 11.558801 -42.202267 35.685508 8.079245 11.558801 8.079245 57.940735 
-18.845947 -36.162133 -0.686406 -36.162133 36.548623 0.836342 -0.686406 0.836342 55.730589 
-25.009468 -37.970623 12.697759 -37.970623 48.093415 6.529938 12.697759 6.529938 63.084593 
-27.953617 -37.472841 -2.940552 -37.472841 49.781097 1.193953 -2.940552 1.193953 64.511885 
-25.689719 -31.019768 3.663959 -31.019768 43.796806 0.656112 3.663959 0.656112 57.246193 
-19.667932 -41.080073 14.757375 -41.080073 42.043615 6.722630 14.757375 6.722630 63.020230 
-27.493078 -29.411961 2.336019 -29.411961 46.117570 1.786582 2.336019 1.786582 57.163902 
-26.653319 -31.593052 0.914331 -31.593052 45.055815 -0.312772 0.914331 -0.312772 58.807027 
-29.995369 -31.117567 3.669515 -31.117567 50.646760 3.266213 3.669515 3.266213 61.035432 
-30.502488 -37.002989 11.756395 -37.002989 54.403962 4.974124 11.756395 4.974124 67.703806 
-17.045203 -53.115894 3.111141 -53.115894 40.597882 1.908800 3.111141 1.908800 73.989580 
-30.164370 -31.066898 19.366523 -31.066898 55.307090 6.402641 19.366523 6.402641 63.151256 
-27.739618 -33.637349 13.955368 -33.637349 51.141479 6.679680 13.955368 6.679680 61.476668 
-18.125445 -52.680499 3.169280 -52.680499 41.717839 2.045974 3.169280 2.045974 74.232116 
-22.392624 -38.690596 3.333661 -38.690596 42.063297 2.035976 3.333661 2.035976 61.679579 
-23.573697 -35.635147 12.009107 -35.635147 44.086472 5.132439 12.009107 5.132439 60.659201 
-20.672139 -37.828068 0.684400 -37.828068 39.947598 1.471416 0.684400 1.471416 58.450293 
-27.067767 -40.599205 11.957626 -40.599205 51.645270 5.809287 11.957626 5.809287 67.064487 
-13.032026 -47.925806 22.740990 -47.925806 42.771231 13.663242 22.740990 13.663242 64.111483 
-31.216897 -26.177285 8.942247 -26.177285 51.999304 4.235633 8.942247 4.235633 58.738774 
-18.148205 -31.971841 10.507211 -31.971841 36.186147 5.839022 10.507211 5.839022 51.222959 
-25.373786 -29.910975 -0.918493 -29.910975 44.008395 1.106504 -0.918493 1.106504 54.389922 
-29.479366 -27.831552 4.425100 -27.831552 48.668774 1.535590 4.425100 1.535590 58.023068 
-19.870989 -35.508068 5.206741 -35.508068 37.583775 3.237247 5.206741 3.237247 56.758909 
-25.928101 -29.200345 9.736130 -29.200345 43.679651 2.358156 9.736130 2.358156 57.566444 
-20.166805 -36.472231 8.705287 -36.472231 40.246746 4.913026 8.705287 4.913026 56.657366 
-28.819130 -31.215909 11.156070 -31.215909 50.656393 4.796140 11.156070 4.796140 60.300106 
-37.367602 -41.801668 10.413874 -41.801668 64.308416 3.591062 10.413874 3.591062 79.584815 
-21.093931 -39.428389 6.393391 -39.428389 42.016927 3.843639 6.393391 3.843639 60.259554 
-34.078597 -50.238822 0.806477 -50.238822 61.987645 0.596018 0.806477 0.596018 83.209129 
-20.667907 -57.957583 23.829794 -57.957583 55.074944 13.446120 23.829794 13.446120 80.507433 
-19.302544 -38.215462 8.359387 -38.215462 38.595787 5.023299 8.359387 5.023299 59.264595 
-17.529136 -30.813061 -0.139973 -30.813061 32.304392 2.437574 -0.139973 2.437574 49.902490 
-20.740839 -46.335817 -2.526092 -46.335817 42.927596 -1.427508 -2.526092 -1.427508 68.214500 
-12.668424 -51.323013 8.713944 -51.323013 36.327306 5.731259 8.713944 5.731259 68.326795 
-17.266853 -48.103717 -2.824372 -48.103717 38.519485 -2.275694 -2.824372 -2.275694 68.973025 
-31.901832 -24.707670 15.678541 -24.707670 54.385185 4.515033 15.678541 4.515033 59.756414 
-13.454179 -43.507429 10.560797 -43.507429 34.216148 6.102250 10.560797 6.102250 60.651330 
-16.302824 -36.303335 9.746680 -36.303335 35.122891 5.600870 9.746680 5.600870 54.137595 
-26.731600 -39.784805 -1.666666 -39.784805 46.953726 -1.824290 -1.666666 -1.824290 68.180743 
-22.968358 -29.271922 7.260685 -29.271922 40.621011 3.664068 7.260685 3.664068 52.646871 
-23.229274 -25.349140 0.606977 -25.349140 39.221310 0.581402 0.606977 0.581402 48.472616 
-29.761063 -34.440532 5.558501 -34.440532 50.458745 1.952226 5.558501 1.952226 65.003738 
-28.901648 -24.855174 13.915798 -24.855174 49.439360 3.644700 13.915798 3.644700 56.103556 
-16.065977 -35.655901 14.924672 -35.655901 37.104776 7.764568 14.924672 7.764568 53.156018 
-24.575060 -40.429373 25.446209 -40.429373 54.088496 9.322340 25.446209 9.322340 66.607580 
-34.537040 -41.308613 13.782638 -41.308613 62.043394 5.403839 13.782638 5.403839 75.533211 
-17.048840 -46.464216 7.439563 -46.464216 39.748899 5.011438 7.439563 5.011438 64.989833 
-23.574296 -38.367540 22.223475 -38.367540 51.515724 10.421800 22.223475 10.421800 62.645235 
-19.120914 -31.985545 6.645666 -31.985545 35.476212 3.640184 6.645666 3.640184 52.765904 
-24.509411 -34.670483 11.443283 -34.670483 45.973436 6.238295 11.443283 6.238295 59.354915 
-25.103956 -33.204191 8.418848 -33.204191 44.610773 3.810630 8.418848 3.810630 59.026521 
-16.713064 -46.967655 7.660005 -46.967655 38.314391 3.913291 7.660005 3.913291 67.020071 
-15.660153 -34.532644 15.819992 -34.532644 36.778432 7.988051 15.819992 7.988051 51.627835 
-24.834610 -36.716352 2.010669 -36.716352 44.896082 1.587911 2.010669 1.587911 61.273728 
-14.373392 -36.913853 11.507253 -36.913853 34.102639 6.014879 11.507253 6.014879 52.658262 
-25.112175 -22.631009 10.603884 -22.631009 42.934056 4.618180 10.603884 4.618180 49.316951 
-28.471835 -34.837560 10.155692 -34.837560 51.115311 5.502304 10.155692 5.502304 63.010972 
-26.341955 -43.860244 19.477051 -43.860244 54.014837 8.151562 19.477051 8.151562 71.031585 
-23.486209 -32.474035 3.057149 -32.474035 41.604366 2.448300 3.057149 2.448300 56.051911 
-27.315859 -23.956212 15.813730 -23.956212 47.470385 4.819520 15.813730 4.819520 54.509993 
-14.255066 -52.849459 17.860441 -52.849459 42.442738 10.920828 17.860441 10.920828 70.852545 
-45.225595 -33.287711 -1.399217 -33.287711 72.063922 -0.510030 -1.399217 -0.510030 81.223734 
-21.259266 -30.840482 10.193532 -30.840482 40.517032 5.594851 10.193532 5.594851 51.874691 
-26.927720 -37.555665 3.060021 -37.555665 46.851658 -0.216403 3.060021 -0.216403 65.657630 
-22.510195 -31.345019 -3.387140 -31.345019 40.261228 -0.732709 -3.387140 -0.732709 53.483010 
-26.612893 -43.214682 10.804347 -43.214682 51.501723 5.702369 10.804347 5.702369 69.286060 
-10.840635 -36.651440 8.969523 -36.651440 28.252759 4.286155 8.969523 4.286155 50.601554 
-29.361909 -53.589003 -1.155985 -53.589003 57.413507 -0.167466 -1.155985 -0.167466 81.824008 
-20.869569 -39.047070 9.643603 -39.047070 40.750546 4.846539 9.643603 4.846539 62.037451 
-14.372623 -34.041227 6.666145 -34.041227 31.144038 4.996830 6.666145 4.996830 50.031272 
-22.579631 -30.532083 11.386498 -30.532083 40.751084 4.565694 11.386498 4.565694 54.989783 
-28.921448 -43.598936 11.307568 -43.598936 54.324770 5.416445 11.307568 5.416445 72.343406 
-25.113608 -36.426341 18.564459 -36.426341 50.574947 8.081693 18.564459 8.081693 61.898163 
-18.920802 -40.119619 9.453974 -40.119619 39.864408 5.216285 9.453974 5.216285 59.909248 
-21.650013 -30.706589 9.833890 -30.706589 40.656317 4.486650 9.833890 4.486650 52.137031 
-19.298158 -45.856199 10.504566 -45.856199 43.695273 6.628557 10.504566 6.628557 65.276503 
-17.548485 -47.386172 0.081810 -47.386172 40.022443 1.823433 0.081810 1.823433 66.002700 
-20.682201 -43.540632 7.155916 -43.540632 41.716039 3.058616 7.155916 3.058616 66.197424 
-23.460373 -32.835258 2.308433 -32.835258 41.830764 2.898391 2.308433 2.898391 56.161009 
-32.319965 -33.721098 11.341262 -33.721098 54.810482 3.779281 11.341262 3.779281 67.765651 
-31.280017 -48.698661 9.554030 -48.698661 58.192443 3.689660 9.554030 3.689660 80.008120 
-7.925283 -47.379459 16.975535 -47.379459 32.107531 9.798769 16.975535 9.798769 61.849946 
-18.099049 -47.405315 5.437973 -47.405315 40.043426 2.829319 5.437973 2.829319 68.008937 
-39.502374 -27.581864 -5.281402 -27.581864 63.073180 -0.708564 -5.281402 -0.708564 69.813783 
-23.024321 -31.999771 16.562994 -31.999771 45.318201 8.128694 16.562994 8.128694 56.193365 
-19.646573 -23.858435 3.524091 -23.858435 33.288509 1.280674 3.524091 1.280674 44.397882 
-26.333234 -33.005843 7.537792 -33.005843 45.005045 1.987004 7.537792 1.987004 61.126112 
-20.817434 -34.764953 12.347848 -34.764953 40.998517 6.772771 12.347848 6.772771 56.861125 
-8.640290 -40.878065 0.800661 -40.878065 25.828959 -0.039761 0.800661 -0.039761 54.373635 
-27.024731 -22.147996 7.267318 -22.147996 43.091189 2.475764 7.267318 2.475764 52.236661 
-17.462947 -43.276801 13.526127 -43.276801 40.591519 6.286385 13.526127 6.286385 62.207722 
-33.265897 -27.271628 8.840560 -27.271628 54.771159 2.784926 8.840560 2.784926 62.205775 
-35.689807 -23.416536 7.752147 -23.416536 57.009335 2.041091 7.752147 2.041091 62.451774 
-14.934873 -38.417706 18.562602 -38.417706 36.972581 8.704631 18.562602 8.704631 57.405532 
-26.497791 -39.982646 5.032673 -39.982646 48.358282 2.118053 5.032673 2.118053 66.357563 
-16.667145 -40.388891 0.091380 -40.388891 36.223610 1.150165 0.091380 1.150165 57.469508 
-28.060830 -34.758112 13.502842 -34.758112 52.072756 4.931255 13.502842 4.931255 62.001796 
-17.571151 -39.751624 10.671922 -39.751624 38.890841 6.531318 10.671922 6.531318 58.075903 
-26.000718 -21.965634 8.477535 -21.965634 41.681607 1.308967 8.477535 1.308967 51.157398 
-28.315337 -28.666672 16.290820 -28.666672 50.926929 5.928714 16.290820 5.928714 58.650296 
-20.551585 -36.881862 9.732043 -36.881862 39.761547 3.693900 9.732043 3.693900 59.113359 
-15.552917 -24.967947 13.311130 -24.967947 32.966730 7.282168 13.311130 7.282168 41.319829 
-24.311421 -31.021969 10.880475 -31.021969 43.598501 4.688329 10.880475 4.688329 56.416314 
-12.772354 -42.474811 9.073755 -42.474811 33.865361 7.303577 9.073755 7.303577 57.526023 
-19.307617 -29.349079 7.146381 -29.349079 37.270505 5.340198 7.146381 5.340198 47.589678 
-25.323230 -26.648682 -6.472106 -26.648682 42.591253 -1.291010 -6.472106 -1.291010 52.799246 
-23.962642 -29.139558 6.339020 -29.139558 42.096467 4.088803 6.339020 4.088803 53.109553 
-33.384797 -30.430468 14.914578 -30.430468 57.318383 5.049118 14.914578 5.049118 65.850569 
-20.402564 -41.734895 -3.656302 -41.734895 41.030958 -1.863410 -3.656302 -1.863410 62.708670 
-25.070250 -31.040169 0.749235 -31.040169 42.596561 0.816056 0.749235 0.816056 56.828771 
-13.737766 -43.003003 8.305174 -43.003003 33.957591 4.998209 8.305174 4.998209 59.799549 
-26.367395 -33.828944 7.908897 -33.828944 47.358392 4.144265 7.908897 4.144265 59.677724 
-31.251467 -37.532592 1.618345 -37.532592 53.954958 0.745437 1.618345 0.745437 68.204716 
-17.551068 -47.908295 -0.618426 -47.908295 40.171030 1.725461 -0.618426 1.725461 66.681680 
-22.708223 -32.961151 10.337565 -32.961151 42.216473 5.966912 10.337565 5.966912 56.544078 
-9.324202 -37.184038 13.608107 -37.184038 28.003419 7.508436 13.608107 7.508436 51.497317 
-28.730687 -33.800754 9.459406 -33.800754 49.143460 3.453719 9.459406 3.453719 64.256604 
-21.461649 -49.283343 7.302092 -49.283343 45.830000 4.767599 7.302092 4.767599 71.878951 
-15.834150 -38.850230 4.215562 -38.850230 33.778851 3.180529 4.215562 3.180529 56.915402 
-24.219469 -40.744609 5.531315 -40.744609 45.608463 3.182383 5.531315 3.182383 65.294407 
-19.954709 -38.450401 8.239286 -38.450401 40.827973 5.504184 8.239286 5.504184 58.281966 
-35.881843 -31.596811 3.877028 -31.596811 59.578952 2.434556 3.877028 2.434556 67.467932 
-29.519443 -40.210233 12.824255 -40.210233 53.852805 5.489424 12.824255 5.489424 70.490061 
-16.585074 -36.549502 13.460509 -36.549502 38.431126 8.104861 13.460509 8.104861 53.238609 
-33.223843 -31.841242 4.852353 -31.841242 54.672597 0.983566 4.852353 0.983566 66.098185 
-22.743842 -40.423484 7.920656 -40.423484 44.106734 4.653288 7.920656 4.653288 63.776871 
-17.790087 -28.415300 5.382589 -28.415300 32.919929 4.612076 5.382589 4.612076 47.219568 
-15.845436 -52.715005 20.030439 -52.715005 44.747692 10.893654 20.030439 10.893654 72.267387 
-30.771271 -30.979578 7.695228 -30.979578 53.080572 4.867985 7.695228 4.867985 61.257562 
-33.338722 -41.202807 -4.886179 -41.202807 58.244764 -1.203731 -4.886179 -1.203731 73.799105 
-13.220747 -46.419971 3.948890 -46.419971 33.979029 4.165646 3.948890 4.165646 63.264656 
-27.048658 -40.530068 12.601944 -40.530068 51.247319 5.781051 12.601944 5.781051 67.688615 
-25.936957 -31.637591 -7.579295 -31.637591 45.122929 -3.237504 -7.579295 -3.237504 58.194436 
-24.399974 -33.201440 6.354890 -33.201440 42.840977 2.812677 6.354890 2.812677 58.651446 
-27.820488 -30.031829 6.934240 -30.031829 47.455576 2.416572 6.934240 2.416572 58.146286 
-24.701751 -32.920986 14.354068 -32.920986 46.959249 6.838181 14.354068 6.838181 57.959782 
-41.783708 -34.655906 11.923748 -34.655906 69.507575 4.033550 11.923748 4.033550 78.081792 
-23.045690 -47.684792 3.700950 -47.684792 47.071197 2.970644 3.700950 2.970644 70.702069 
-17.749597 -49.540868 16.928709 -49.540868 43.999548 8.954959 16.928709 8.954959 70.441125 
-23.180693 -38.720860 -2.320431 -38.720860 43.333745 0.659831 -2.320431 0.659831 61.895587 
-21.577415 -29.094710 4.435940 -29.094710 37.301831 2.670781 4.435940 2.670781 52.012970 
-15.617790 -36.157292 15.166806 -36.157292 36.210798 7.351009 15.166806 7.351009 54.034122 
-18.993303 -22.009287 9.910795 -22.009287 35.787747 6.736436 9.910795 6.736436 40.814752 
-33.109856 -40.309206 4.927911 -40.309206 57.329494 2.686924 4.927911 2.686924 73.235302 
-21.610622 -38.996710 -2.831662 -38.996710 40.754182 -0.675097 -2.831662 -0.675097 61.767569 
-25.960305 -31.262019 5.601588 -31.262019 44.813375 2.934302 5.601588 2.934302 57.574385 
-21.777309 -39.855221 8.099875 -39.855221 42.798280 4.342385 8.099875 4.342385 62.178086 
-14.276673 -48.107883 9.782820 -48.107883 36.454996 5.168506 9.782820 5.168506 66.642665 
-21.484365 -21.957361 10.969849 -21.957361 37.078064 3.197872 10.969849 3.197872 45.498506 
-22.088831 -31.879967 4.098150 -31.879967 39.594193 2.280721 4.098150 2.280721 54.201501 
-23.561827 -32.621638 6.691959 -32.621638 42.723950 3.265898 6.691959 3.265898 55.872008 
-37.161160 -29.986727 8.481838 -29.986727 60.018894 1.902427 8.481838 1.902427 69.798151 
-22.543935 -37.851909 1.121161 -37.851909 40.592900 0.549365 1.121161 0.549365 62.600755 
-18.564530 -39.183053 3.226723 -39.183053 37.587073 3.022984 3.226723 3.022984 58.770071 
-16.065993 -37.500325 8.589367 -37.500325 35.347912 5.780756 8.589367 5.780756 54.708482 
-20.640986 -31.346562 5.753165 -31.346562 37.523734 3.980257 5.753165 3.980257 52.898184 
-28.362419 -21.900068 0.897261 -21.900068 44.368973 0.201743 0.897261 0.201743 52.944255 
-22.764596 -43.923814 1.614555 -43.923814 45.651480 2.486403 1.614555 2.486403 65.739703 
-31.715765 -28.709267 14.891548 -28.709267 56.126377 5.988747 14.891548 5.988747 61.090008 
-8.788935 -42.800707 5.928653 -42.800707 27.391768 4.356150 5.928653 4.356150 56.887035 
-19.209275 -46.752417 14.953895 -46.752417 44.476176 7.494435 14.953895 7.494435 67.514068 
-19.138542 -24.870318 14.044915 -24.870318 36.297747 5.936153 14.044915 5.936153 46.206429 
-20.160615 -51.343225 19.620190 -51.343225 49.520651 10.142593 19.620190 10.142593 73.213754 
-23.393407 -44.054789 1.504083 -44.054789 45.607111 0.462784 1.504083 0.462784 67.530052 
-27.091665 -29.371355 0.792472 -29.371355 45.669153 2.116499 0.792472 2.116499 56.468784 
-30.501436 -36.318220 18.408725 -36.318220 56.436594 6.681956 18.408725 6.681956 68.096179 
-24.081063 -31.961705 13.668883 -31.961705 45.508369 5.933314 13.668883 5.933314 56.306686 
-17.998296 -31.698890 5.308505 -31.698890 34.359989 2.963164 5.308505 2.963164 50.396653 
-19.929997 -41.495489 19.944416 -41.495489 47.117021 10.870178 19.944416 10.870178 61.997142 
-22.413138 -21.635322 1.997295 -21.635322 37.970052 3.063941 1.997295 3.063941 43.548233 
-13.505979 -43.258536 5.425164 -43.258536 33.125324 2.749578 5.425164 2.749578 59.796013 
-35.896930 -38.721258 2.474541 -38.721258 61.306266 2.581099 2.474541 2.581099 73.674607 
-19.915291 -38.500108 7.678559 -38.500108 40.240592 3.982270 7.678559 3.982270 58.588819 
-16.703964 -39.303373 5.873025 -39.303373 35.972645 4.342426 5.873025 4.342426 57.208819 
-20.482579 -31.567796 12.772488 -31.567796 39.420260 5.878112 12.772488 5.878112 53.600253 
-30.016851 -37.006884 16.850332 -37.006884 54.200236 5.548876 16.850332 5.548876 69.243535 
-33.207027 -36.331178 -4.762996 -36.331178 55.932885 -1.254715 -4.762996 -1.254715 69.976152 
-23.829638 -31.480428 20.275438 -31.480428 47.864170 7.461908 20.275438 7.461908 56.948021 
-15.025188 -36.768900 6.394191 -36.768900 33.154233 5.475121 6.394191 5.475121 53.256352 
-4.741167 -45.542190 21.313459 -45.542190 31.647669 14.541926 21.313459 14.541926 57.617947 
-10.923669 -30.635404 11.834403 -30.635404 29.461414 9.137359 11.834403 9.137359 42.439487 
-19.307184 -38.159943 1.010340 -38.159943 38.742245 1.207268 1.010340 1.207268 57.071290 
-22.617786 -32.956131 3.811566 -32.956131 41.894968 3.539645 3.811566 3.539645 54.277248 
-19.933657 -32.408173 1.726196 -32.408173 36.681549 2.721886 1.726196 2.721886 52.815556 
-16.925468 -37.367053 12.060681 -37.367053 36.711974 5.208878 12.060681 5.208878 56.109652 
-15.427371 -35.903836 5.776762 -35.903836 32.569634 3.607101 5.776762 3.607101 53.158789 
-21.460757 -30.178264 9.214249 -30.178264 38.701578 4.848450 9.214249 4.848450 53.248848 
-34.725466 -25.459777 0.501253 -25.459777 55.490086 0.880284 0.501253 0.880284 62.084284 
-23.924701 -38.484116 -0.406763 -38.484116 42.940420 0.643883 -0.406763 0.643883 63.995237 
-21.401213 -37.315371 14.919247 -37.315371 43.951033 8.091062 14.919247 8.091062 59.820257 
-28.218069 -34.463895 6.670770 -34.463895 48.730326 2.478860 6.670770 2.478860 63.260743 
-16.083326 -47.631844 13.552227 -47.631844 41.040650 8.811162 13.552227 8.811162 65.860221 
-19.618033 -38.732750 15.724453 -38.732750 42.485042 8.034691 15.724453 8.034691 59.739143 
-30.719687 -24.649935 5.534524 -24.649935 50.673612 3.441766 5.534524 3.441766 56.158183 
-23.217680 -33.696527 10.817220 -33.696527 43.468856 6.328981 10.817220 6.328981 57.577781 
-28.563616 -22.180087 7.270138 -22.180087 46.701666 1.713541 7.270138 1.713541 52.363078 
-19.482019 -36.134807 6.514658 -36.134807 38.279121 4.352250 6.514658 4.352250 56.239605 
-23.778319 -46.052459 9.921379 -46.052459 48.504807 5.913721 9.921379 5.913721 69.905129 
-21.262020 -35.028453 5.703460 -35.028453 39.892697 3.308052 5.703460 3.308052 56.663666 
-18.091600 -38.382985 9.842525 -38.382985 38.114572 5.960301 9.842525 5.960301 57.846776 
-23.143997 -40.416805 7.906330 -40.416805 43.901471 3.477267 7.906330 3.477267 64.924383 
-15.462924 -33.553458 10.415088 -33.553458 33.746802 6.554016 10.415088 6.554016 50.242173 
-27.092898 -34.296895 5.881917 -34.296895 47.255710 3.227016 5.881917 3.227016 61.719685 
-23.762474 -37.144922 8.644931 -37.144922 44.000256 3.812454 8.644931 3.812454 61.838479 
-16.859352 -37.966296 7.862429 -37.966296 35.422306 3.929340 7.862429 3.929340 56.727329 
-18.682437 -36.199133 10.040772 -36.199133 38.504112 5.886659 10.040772 5.886659 55.527890 
-21.896547 -42.602439 12.949042 -42.602439 45.571029 6.506345 12.949042 6.506345 65.169274 
-16.885318 -39.043360 10.117962 -39.043360 36.526443 5.016318 10.117962 5.016318 57.983978 
-23.487453 -34.700854 9.707780 -34.700854 43.709760 5.135216 9.707780 5.135216 58.628827 
-28.440576 -34.082455 5.018675 -34.082455 49.226931 2.571367 5.018675 2.571367 62.378685 
-21.821110 -37.985675 12.258941 -37.985675 44.181403 7.303976 12.258941 7.303976 59.946607 
-26.858482 -30.739221 0.963539 -30.739221 45.356755 0.962011 0.963539 0.962011 57.890173 
-26.486307 -28.085041 5.325250 -28.085041 43.994150 2.431000 5.325250 2.431000 55.882419 
-21.832499 -40.085279 3.449645 -40.085279 42.078536 2.667346 3.449645 2.667346 62.409317 
-26.007431 -32.880667 6.823793 -32.880667 45.831754 3.249359 6.823793 3.249359 58.910933 
-27.621377 -34.065626 7.038247 -34.065626 48.188992 3.594722 7.038247 3.594722 62.010002 
-22.162236 -33.675516 9.339412 -33.675516 40.926200 3.757426 9.339412 3.757426 56.927271 
-23.205961 -37.225612 6.518721 -37.225612 43.608764 3.516378 6.518721 3.516378 60.322151 
-20.266203 -34.483801 9.793070 -34.483801 40.006663 5.627173 9.793070 5.627173 54.881857 
-26.815968 -36.690305 2.131952 -36.690305 47.419173 1.640500 2.131952 1.640500 63.316716 
-28.888629 -27.571235 4.203069 -27.571235 47.708665 2.212623 4.203069 2.212623 57.218915 
-21.697807 -34.310154 11.105231 -34.310154 41.745900 5.208717 11.105231 5.208717 56.541915 
-27.046946 -35.568971 8.755267 -35.568971 48.600582 4.359978 8.755267 4.359978 62.566324 
-21.783692 -35.589184 7.599333 -35.589184 40.196247 3.039610 7.599333 3.039610 58.983751 
-21.893273 -36.002358 10.021532 -36.002358 42.698797 5.476349 10.021532 5.476349 57.806327 
-15.100981 -37.051774 6.014847 -37.051774 33.301768 4.631495 6.014847 4.631495 53.403978 
-28.431451 -30.192921 3.725488 -30.192921 47.874988 2.055944 3.725488 2.055944 58.794043 
-23.375387 -34.039186 15.720933 -34.039186 45.439789 6.225469 15.720933 6.225469 58.480560 
-23.161393 -40.680293 12.778874 -40.680293 46.184997 5.960895 12.778874 5.960895 64.537297 
-15.004328 -38.483749 5.996867 -38.483749 33.323511 4.365212 5.996867 4.365212 55.446951 
-26.679272 -35.016134 5.956704 -35.016134 46.512041 2.303940 5.956704 2.303940 62.446269 
-20.806725 -33.893457 6.564911 -33.893457 38.976272 3.442093 6.564911 3.442093 55.252362 
-20.492406 -38.670142 9.246666 -38.670142 41.255683 4.760597 9.246666 4.760597 59.610960 
-22.048506 -33.917053 5.955001 -33.917053 40.175092 2.937138 5.955001 2.937138 56.757639 
-27.918295 -31.841712 8.471763 -31.841712 48.304347 3.543100 8.471763 3.543100 60.237692 
